# t[days] u g r i z y J H K
0.20202 15.656 12.823 nan nan nan nan nan nan nan 
0.40404 -13.216 -12.626 -12.832 -13.287 -14.390 -14.051 -13.575 -12.682 -9.702 
0.60606 -13.482 -13.978 -14.183 -14.877 -14.865 -14.872 -14.218 -14.672 -14.284 
0.80808 -14.109 -14.484 -14.994 -15.176 -15.714 -15.433 -15.402 -14.752 -13.676 
1.01010 -14.436 -14.792 -15.460 -15.888 -16.216 -16.327 -15.940 -15.527 -14.799 
1.21212 -14.745 -15.124 -15.724 -16.000 -16.282 -16.440 -16.167 -15.867 -15.507 
1.41414 -14.597 -15.104 -15.529 -16.008 -16.224 -16.390 -16.211 -16.052 -15.349 
1.61616 -14.374 -15.006 -15.351 -15.898 -16.198 -16.399 -16.256 -15.779 -15.330 
1.81818 -14.135 -14.585 -15.308 -15.964 -16.300 -16.366 -16.213 -15.800 -15.481 
2.02020 -13.994 -14.659 -15.302 -15.859 -16.182 -16.330 -16.233 -15.813 -15.573 
2.22222 -13.830 -14.626 -15.257 -15.738 -16.102 -16.299 -16.199 -15.859 -15.420 
2.42424 -13.657 -14.363 -15.104 -15.649 -16.070 -16.186 -16.089 -15.911 -15.526 
2.62626 -13.685 -14.465 -14.957 -15.576 -15.963 -16.094 -16.074 -15.938 -15.496 
2.82828 -13.248 -14.166 -14.827 -15.517 -15.937 -16.017 -15.966 -15.781 -15.630 
3.03030 -12.902 -13.981 -14.798 -15.352 -15.811 -15.933 -15.937 -15.848 -15.568 
3.23232 -12.909 -13.938 -14.745 -15.302 -15.692 -15.879 -15.922 -15.742 -15.660 
3.43434 -12.587 -13.775 -14.656 -15.193 -15.707 -15.827 -15.839 -15.801 -15.562 
3.63636 -12.247 -13.536 -14.403 -15.102 -15.539 -15.793 -15.809 -15.721 -15.465 
3.83838 -12.076 -13.605 -14.445 -14.944 -15.441 -15.737 -15.809 -15.604 -15.473 
4.04040 -12.022 -13.331 -14.275 -14.895 -15.394 -15.642 -15.644 -15.662 -15.361 
4.24242 -11.648 -13.157 -14.087 -14.854 -15.334 -15.550 -15.601 -15.561 -15.388 
4.44444 -11.387 -13.010 -14.033 -14.674 -15.173 -15.469 -15.527 -15.577 -15.300 
4.64646 -11.024 -12.653 -13.781 -14.612 -15.034 -15.334 -15.505 -15.482 -15.367 
4.84848 -10.713 -12.524 -13.751 -14.467 -14.990 -15.249 -15.449 -15.486 -15.438 
5.05051 -10.866 -12.365 -13.435 -14.416 -14.917 -15.189 -15.337 -15.366 -15.285 
5.25253 -10.512 -12.206 -13.343 -14.290 -14.855 -15.085 -15.260 -15.354 -15.334 
5.45455 -9.944 -12.075 -13.265 -14.048 -14.694 -15.007 -15.196 -15.334 -15.256 
5.65657 -9.844 -11.918 -13.032 -13.977 -14.611 -14.919 -15.128 -15.173 -15.116 
5.85859 -9.616 -11.613 -12.952 -13.971 -14.489 -14.737 -15.009 -15.115 -15.146 
6.06061 -9.191 -11.448 -12.802 -13.747 -14.366 -14.745 -14.934 -15.080 -15.146 
6.26263 -8.973 -11.027 -12.664 -13.662 -14.255 -14.640 -14.914 -15.051 -15.052 
6.46465 -8.225 -10.943 -12.390 -13.516 -14.180 -14.511 -14.811 -14.900 -15.024 
6.66667 -8.212 -10.522 -12.370 -13.317 -14.031 -14.384 -14.736 -14.967 -15.004 
6.86869 -7.910 -10.556 -12.064 -13.236 -13.957 -14.393 -14.637 -14.812 -14.972 
7.07071 -8.251 -10.298 -11.906 -13.209 -13.932 -14.227 -14.534 -14.806 -14.897 
7.27273 -7.577 -9.980 -11.798 -12.974 -13.737 -14.185 -14.501 -14.830 -14.824 
7.47475 -7.341 -9.964 -11.721 -12.924 -13.686 -14.012 -14.348 -14.761 -14.891 
7.67677 -6.799 -9.625 -11.512 -12.797 -13.589 -13.879 -14.277 -14.587 -14.725 
7.87879 -7.188 -9.451 -11.491 -12.710 -13.449 -13.734 -14.291 -14.525 -14.670 
8.08081 -6.941 -9.558 -11.324 -12.572 -13.320 -13.772 -14.209 -14.474 -14.612 
8.28283 -6.752 -9.542 -11.313 -12.588 -13.288 -13.669 -14.089 -14.423 -14.568 
8.48485 -6.553 -9.197 -10.964 -12.365 -13.124 -13.580 -13.994 -14.306 -14.494 
8.68687 -6.043 -8.884 -10.766 -12.171 -13.083 -13.497 -13.906 -14.326 -14.416 
8.88889 -5.846 -8.864 -10.699 -12.070 -12.918 -13.421 -13.863 -14.198 -14.372 
9.09091 -6.117 -8.717 -10.521 -11.844 -12.897 -13.242 -13.807 -14.148 -14.373 
9.29293 -5.434 -8.160 -10.349 -11.790 -12.753 -13.191 -13.738 -14.012 -14.251 
9.49495 -5.759 -8.074 -10.160 -11.747 -12.640 -13.103 -13.637 -14.077 -14.243 
9.69697 -5.404 -8.014 -10.237 -11.646 -12.554 -13.052 -13.524 -13.957 -14.130 
9.89899 -4.641 -7.705 -10.070 -11.607 -12.530 -12.912 -13.472 -13.847 -14.150 
10.10101 -4.713 -7.834 -9.911 -11.500 -12.327 -12.923 -13.368 -13.759 -14.064 
10.30303 -4.327 -7.451 -9.838 -11.407 -12.235 -12.839 -13.313 -13.785 -13.983 
10.50505 -5.088 -7.094 -9.542 -11.358 -12.297 -12.647 -13.273 -13.703 -14.098 
10.70707 -4.540 -6.994 -9.400 -11.252 -12.225 -12.576 -13.242 -13.673 -13.929 
10.90909 -3.733 -6.746 -9.394 -11.031 -12.042 -12.553 -13.162 -13.532 -13.948 
11.11111 -3.529 -6.795 -9.189 -11.009 -11.983 -12.550 -13.024 -13.513 -13.792 
11.31313 -3.680 -6.545 -9.044 -10.799 -11.894 -12.414 -12.954 -13.544 -13.798 
11.51515 -4.060 -5.997 -8.901 -10.797 -11.852 -12.347 -12.962 -13.447 -13.707 
11.71717 -3.891 -6.103 -8.818 -10.872 -11.763 -12.247 -12.858 -13.402 -13.708 
11.91919 -2.895 -6.184 -8.763 -10.534 -11.643 -12.206 -12.780 -13.288 -13.656 
12.12121 -2.705 -6.150 -8.632 -10.428 -11.732 -12.169 -12.777 -13.298 -13.602 
12.32323 -4.153 -5.680 -8.605 -10.433 -11.565 -12.107 -12.690 -13.281 -13.554 
12.52525 -2.622 -6.063 -8.457 -10.338 -11.406 -12.059 -12.647 -13.138 -13.573 
12.72727 -2.704 -5.194 -8.424 -10.325 -11.429 -11.903 -12.584 -13.144 -13.521 
12.92929 -2.240 -5.214 -8.407 -10.183 -11.438 -11.964 -12.565 -13.064 -13.426 
13.13131 -2.577 -5.027 -8.074 -10.170 -11.256 -11.959 -12.526 -13.046 -13.417 
13.33333 -2.035 -5.327 -8.032 -10.061 -11.335 -11.769 -12.472 -12.996 -13.342 
13.53535 -2.022 -5.086 -7.946 -10.049 -11.217 -11.828 -12.458 -12.965 -13.326 
13.73737 -1.886 -5.188 -7.804 -9.862 -11.162 -11.765 -12.334 -13.007 -13.273 
13.93939 -1.808 -4.588 -7.784 -9.828 -11.046 -11.649 -12.263 -12.887 -13.266 
14.14141 -1.650 -4.893 -7.616 -9.779 -11.038 -11.617 -12.274 -12.902 -13.224 
14.34343 -2.238 -4.320 -7.516 -9.618 -11.027 -11.612 -12.189 -12.813 -13.133 
14.54545 -1.467 -4.437 -7.419 -9.694 -10.846 -11.428 -12.266 -12.777 -13.139 
14.74747 -4.319 -4.707 -7.251 -9.459 -10.806 -11.449 -12.164 -12.728 -13.138 
14.94949 -1.266 -3.658 -7.331 -9.515 -10.703 -11.486 -12.148 -12.697 -13.104 
15.15152 -1.185 -4.254 -7.306 -9.287 -10.661 -11.341 -12.070 -12.647 -13.023 
15.35354 -1.076 -4.211 -7.102 -9.404 -10.668 -11.299 -12.061 -12.611 -12.975 
15.55556 -0.998 -3.877 -6.959 -9.405 -10.539 -11.264 -12.033 -12.581 -12.997 
15.75758 -2.507 -3.875 -7.171 -9.167 -10.460 -11.225 -11.986 -12.568 -12.955 
15.95960 -2.772 -3.700 -6.891 -9.238 -10.424 -11.170 -11.950 -12.588 -12.906 
16.16162 -3.721 -4.064 -6.814 -9.091 -10.451 -11.167 -11.891 -12.476 -12.884 
16.36364 -1.375 -3.820 -6.646 -9.133 -10.414 -11.118 -11.906 -12.474 -12.882 
16.56566 -0.351 -3.936 -6.747 -8.929 -10.335 -10.960 -11.799 -12.387 -12.898 
16.76768 -0.134 -2.734 -6.543 -8.962 -10.378 -11.008 -11.716 -12.361 -12.885 
16.96970 -2.424 -3.671 -6.456 -8.792 -10.176 -10.942 -11.706 -12.357 -12.761 
17.17172 -2.135 -2.696 -6.394 -8.797 -10.168 -10.922 -11.685 -12.278 -12.765 
17.37374 -3.106 -2.741 -6.269 -8.828 -10.121 -10.829 -11.637 -12.307 -12.711 
17.57576 -2.821 -2.648 -6.329 -8.655 -10.081 -10.783 -11.652 -12.234 -12.688 
17.77778 0.481 -2.682 -6.003 -8.576 -10.024 -10.931 -11.569 -12.231 -12.691 
17.97980 -0.840 -2.137 -6.104 -8.477 -9.984 -10.826 -11.538 -12.187 -12.672 
18.18182 -2.391 -2.155 -6.104 -8.542 -9.938 -10.673 -11.443 -12.112 -12.626 
18.38384 0.906 -2.095 -5.962 -8.438 -9.872 -10.632 -11.421 -12.133 -12.545 
18.58586 0.669 -3.770 -6.047 -8.294 -9.847 -10.550 -11.397 -12.029 -12.587 
18.78788 -2.641 -2.242 -5.457 -8.211 -9.691 -10.448 -11.333 -12.028 -12.608 
18.98990 1.278 -1.828 -5.780 -8.245 -9.715 -10.470 -11.358 -12.034 -12.455 
19.19192 1.398 -1.706 -5.636 -8.103 -9.562 -10.479 -11.270 -11.943 -12.420 
19.39394 1.510 -1.819 -5.279 -8.145 -9.792 -10.293 -11.187 -11.847 -12.374 
19.59596 1.589 -2.947 -5.229 -7.934 -9.692 -10.407 -11.164 -11.818 -12.327 
19.79798 -2.530 -2.044 -4.834 -7.817 -9.384 -10.162 -11.103 -11.738 -12.200 
20.00000 -2.858 -2.627 -4.978 -7.658 -9.340 -10.076 -10.890 -11.656 -12.094 
