# t[days] u g r i z y J H K
0.20202 55.826 118.158 130.608 nan nan nan nan nan nan 
0.40404 -12.170 -13.004 -13.117 -13.262 -14.409 -12.030 -12.700 -12.401 -10.371 
0.60606 -13.673 -13.222 -13.887 -14.111 -14.822 -14.521 -14.323 -14.446 -12.778 
0.80808 -14.470 -14.727 -14.755 -15.431 -15.170 -15.515 -15.148 -15.036 -14.109 
1.01010 -14.370 -14.846 -15.149 -15.644 -15.760 -15.647 -15.759 -15.285 -15.006 
1.21212 -14.348 -14.763 -15.108 -15.784 -15.823 -16.014 -15.962 -15.482 -14.582 
1.41414 -14.433 -14.778 -15.262 -15.772 -16.027 -16.119 -15.837 -15.530 -15.286 
1.61616 -14.143 -14.741 -15.277 -15.722 -16.009 -16.119 -15.989 -15.689 -15.117 
1.81818 -14.231 -14.781 -15.151 -15.624 -15.942 -16.138 -15.930 -15.629 -15.025 
2.02020 -13.739 -14.548 -15.144 -15.691 -15.928 -16.050 -15.962 -15.663 -15.292 
2.22222 -13.996 -14.514 -15.034 -15.604 -15.894 -16.046 -15.959 -15.793 -15.570 
2.42424 -13.668 -14.418 -14.904 -15.493 -15.852 -15.861 -15.934 -15.611 -15.174 
2.62626 -13.368 -14.286 -14.884 -15.342 -15.763 -15.851 -15.812 -15.623 -15.251 
2.82828 -13.266 -14.042 -14.679 -15.270 -15.665 -15.822 -15.888 -15.638 -15.345 
3.03030 -12.964 -13.961 -14.642 -15.282 -15.582 -15.782 -15.746 -15.591 -15.314 
3.23232 -13.051 -14.059 -14.592 -15.259 -15.499 -15.783 -15.717 -15.465 -15.311 
3.43434 -12.321 -13.622 -14.405 -14.969 -15.411 -15.612 -15.748 -15.552 -15.271 
3.63636 -12.613 -13.763 -14.515 -15.063 -15.318 -15.563 -15.689 -15.582 -15.423 
3.83838 -12.170 -13.431 -14.302 -14.848 -15.270 -15.479 -15.552 -15.588 -15.425 
4.04040 -11.948 -13.276 -14.164 -14.828 -15.281 -15.433 -15.496 -15.534 -15.395 
4.24242 -11.636 -13.037 -14.011 -14.707 -15.165 -15.449 -15.501 -15.527 -15.288 
4.44444 -11.326 -12.964 -13.999 -14.568 -15.116 -15.424 -15.473 -15.492 -15.362 
4.64646 -11.015 -12.781 -13.840 -14.550 -14.935 -15.239 -15.375 -15.383 -15.383 
4.84848 -10.806 -12.707 -13.794 -14.480 -14.947 -15.172 -15.378 -15.446 -15.243 
5.05051 -10.704 -12.350 -13.527 -14.327 -14.894 -15.015 -15.252 -15.331 -15.194 
5.25253 -10.513 -12.151 -13.372 -14.142 -14.721 -14.955 -15.169 -15.268 -15.213 
5.45455 -10.258 -12.112 -13.261 -14.160 -14.603 -14.891 -15.191 -15.182 -15.148 
5.65657 -9.791 -11.778 -13.045 -13.918 -14.470 -14.859 -14.994 -15.153 -15.133 
5.85859 -9.458 -11.639 -12.920 -13.888 -14.419 -14.793 -14.976 -15.083 -15.045 
6.06061 -9.217 -11.397 -12.764 -13.684 -14.456 -14.644 -14.956 -15.074 -15.211 
6.26263 -9.228 -11.093 -12.579 -13.521 -14.335 -14.549 -14.890 -15.065 -15.019 
6.46465 -8.605 -11.012 -12.580 -13.631 -14.204 -14.487 -14.828 -14.999 -15.046 
6.66667 -8.273 -10.910 -12.460 -13.498 -14.048 -14.373 -14.719 -14.943 -14.938 
6.86869 -8.097 -10.571 -12.243 -13.314 -14.022 -14.252 -14.615 -14.787 -14.863 
7.07071 -8.007 -10.628 -12.149 -13.239 -13.780 -14.153 -14.584 -14.794 -14.916 
7.27273 -7.892 -10.408 -11.904 -13.083 -13.729 -14.123 -14.507 -14.684 -14.748 
7.47475 -7.390 -9.954 -11.775 -12.995 -13.515 -13.992 -14.390 -14.684 -14.743 
7.67677 -7.331 -10.090 -11.602 -12.766 -13.516 -13.997 -14.352 -14.564 -14.754 
7.87879 -6.626 -9.591 -11.432 -12.600 -13.431 -13.843 -14.198 -14.499 -14.584 
8.08081 -6.874 -9.477 -11.324 -12.675 -13.425 -13.811 -14.171 -14.358 -14.589 
8.28283 -6.566 -9.198 -11.056 -12.406 -13.353 -13.741 -14.094 -14.362 -14.596 
8.48485 -5.896 -8.930 -10.845 -12.334 -13.166 -13.555 -14.000 -14.346 -14.542 
8.68687 -6.562 -8.626 -10.754 -12.184 -13.033 -13.521 -13.905 -14.210 -14.498 
8.88889 -5.516 -8.618 -10.613 -12.023 -12.891 -13.332 -13.819 -14.219 -14.473 
9.09091 -5.357 -8.502 -10.652 -11.977 -12.869 -13.329 -13.706 -14.186 -14.353 
9.29293 -5.722 -8.443 -10.418 -11.838 -12.731 -13.239 -13.612 -14.144 -14.337 
9.49495 -5.023 -8.222 -10.125 -11.704 -12.600 -13.131 -13.626 -14.060 -14.208 
9.69697 -5.053 -7.744 -10.165 -11.596 -12.551 -12.959 -13.558 -13.893 -14.204 
9.89899 -5.028 -8.071 -9.998 -11.640 -12.471 -12.881 -13.471 -13.918 -14.209 
10.10101 -4.556 -7.602 -9.823 -11.490 -12.364 -12.863 -13.354 -13.902 -14.116 
10.30303 -5.454 -7.427 -9.787 -11.365 -12.303 -12.739 -13.389 -13.805 -14.072 
10.50505 -4.866 -6.928 -9.725 -11.189 -12.170 -12.690 -13.223 -13.752 -14.044 
10.70707 -3.998 -7.083 -9.406 -11.034 -12.070 -12.516 -13.181 -13.675 -14.016 
10.90909 -4.878 -6.418 -9.308 -10.954 -12.022 -12.505 -13.113 -13.634 -13.868 
11.11111 -4.423 -7.471 -9.229 -10.922 -11.955 -12.440 -12.967 -13.605 -13.917 
11.31313 -4.116 -6.571 -9.051 -10.904 -11.818 -12.456 -12.955 -13.521 -13.797 
11.51515 -4.974 -6.452 -8.867 -10.649 -11.724 -12.394 -12.922 -13.408 -13.793 
11.71717 -4.797 -6.377 -8.838 -10.501 -11.601 -12.150 -12.806 -13.389 -13.702 
11.91919 -3.882 -6.339 -8.580 -10.426 -11.520 -12.086 -12.768 -13.326 -13.659 
12.12121 -2.782 -6.453 -8.637 -10.531 -11.496 -12.095 -12.720 -13.297 -13.635 
12.32323 -3.034 -5.593 -8.261 -10.281 -11.434 -12.038 -12.669 -13.219 -13.619 
12.52525 -2.518 -5.596 -8.261 -10.242 -11.299 -12.002 -12.611 -13.196 -13.438 
12.72727 -2.398 -5.664 -8.151 -10.135 -11.408 -11.877 -12.554 -13.107 -13.462 
12.92929 -2.803 -5.307 -8.114 -10.053 -11.209 -11.807 -12.514 -13.068 -13.523 
13.13131 -2.211 -5.489 -7.922 -9.938 -11.082 -11.708 -12.426 -13.074 -13.437 
13.33333 -3.983 -5.393 -7.915 -9.877 -11.106 -11.745 -12.416 -12.979 -13.406 
13.53535 -2.616 -5.062 -7.807 -9.810 -11.093 -11.728 -12.308 -12.979 -13.379 
13.73737 -1.898 -5.060 -7.809 -9.777 -10.999 -11.575 -12.272 -12.879 -13.336 
13.93939 -1.864 -4.322 -7.737 -9.827 -11.011 -11.507 -12.264 -12.951 -13.321 
14.14141 -3.284 -5.138 -7.529 -9.491 -10.745 -11.480 -12.241 -12.910 -13.251 
14.34343 -1.668 -5.174 -7.546 -9.510 -10.769 -11.380 -12.225 -12.801 -13.274 
14.54545 -1.583 -5.056 -7.411 -9.345 -10.690 -11.410 -12.154 -12.740 -13.153 
14.74747 -1.430 -4.297 -7.240 -9.372 -10.627 -11.341 -12.058 -12.737 -13.078 
14.94949 -2.478 -3.944 -7.146 -9.383 -10.621 -11.340 -12.153 -12.700 -13.127 
15.15152 -1.235 -3.735 -6.994 -9.256 -10.735 -11.242 -12.011 -12.632 -13.102 
15.35354 -3.577 -4.027 -7.025 -9.158 -10.511 -11.120 -11.957 -12.646 -13.009 
15.55556 -3.223 -3.768 -6.913 -9.096 -10.459 -11.158 -11.917 -12.523 -13.046 
15.75758 -1.457 -3.966 -6.595 -9.044 -10.376 -11.096 -11.793 -12.531 -12.950 
15.95960 -3.171 -4.175 -6.683 -9.142 -10.315 -10.974 -11.763 -12.392 -12.965 
16.16162 -1.611 -3.912 -6.430 -8.890 -10.361 -10.990 -11.829 -12.450 -12.944 
16.36364 -2.732 -3.956 -6.580 -8.732 -10.243 -10.944 -11.753 -12.439 -12.927 
16.56566 -0.310 -3.108 -6.642 -8.860 -10.141 -10.890 -11.665 -12.342 -12.856 
16.76768 -0.241 -3.086 -6.697 -8.822 -10.101 -10.860 -11.696 -12.349 -12.825 
16.96970 -4.017 -3.494 -6.460 -8.694 -10.108 -10.856 -11.665 -12.330 -12.836 
17.17172 0.161 -4.139 -6.405 -8.647 -10.146 -10.835 -11.549 -12.297 -12.807 
17.37374 -2.243 -2.663 -5.964 -8.505 -9.972 -10.685 -11.528 -12.263 -12.797 
17.57576 -2.494 -2.753 -5.915 -8.555 -9.941 -10.664 -11.460 -12.125 -12.772 
17.77778 0.432 -3.057 -6.168 -8.359 -9.767 -10.587 -11.437 -12.113 -12.682 
17.97980 0.592 -3.069 -5.853 -8.448 -9.676 -10.442 -11.395 -12.106 -12.622 
18.18182 0.858 -2.522 -5.717 -8.268 -9.806 -10.755 -11.286 -12.127 -12.683 
18.38384 -3.237 -2.274 -5.781 -8.334 -9.737 -10.461 -11.324 -11.975 -12.578 
18.58586 -2.612 -3.324 -5.676 -8.137 -9.757 -10.363 -11.232 -12.027 -12.586 
18.78788 1.123 -1.859 -5.387 -8.010 -9.668 -10.368 -11.231 -11.968 -12.482 
18.98990 1.294 -1.971 -5.835 -7.999 -9.549 -10.298 -11.158 -11.908 -12.446 
19.19192 -3.399 -3.256 -5.033 -7.981 -9.425 -10.228 -11.145 -11.853 -12.356 
19.39394 0.928 -2.261 -5.433 -7.764 -9.321 -10.142 -11.052 -11.765 -12.317 
19.59596 1.464 -1.140 -5.334 -7.760 -9.294 -10.228 -10.968 -11.743 -12.288 
19.79798 1.728 -2.709 -4.832 -7.642 -9.162 -10.034 -10.865 -11.588 -12.226 
20.00000 -0.260 -1.312 -5.224 -7.411 -9.080 -9.929 -10.750 -11.593 -12.075 
