# t[days] u g r i z y J H K
0.20202 89.571 8.196 nan nan nan nan nan nan nan 
0.40404 -11.045 -11.470 -12.543 -13.647 -13.041 -12.445 -12.010 -7.721 -12.592 
0.60606 -13.002 -13.034 -13.453 -14.039 -13.967 -13.854 -13.508 -14.193 -13.506 
0.80808 -14.271 -14.070 -14.095 -14.127 -14.220 -14.028 -13.489 -13.069 -12.951 
1.01010 -13.979 -14.060 -14.272 -14.130 -14.483 -14.138 -13.988 -13.174 -12.386 
1.21212 -13.875 -14.130 -14.143 -14.441 -14.402 -14.205 -14.020 -13.886 -13.364 
1.41414 -13.572 -14.200 -14.211 -14.198 -14.552 -14.266 -13.917 -13.674 -13.471 
1.61616 -13.353 -13.839 -14.201 -14.339 -14.309 -14.228 -14.126 -13.642 -13.379 
1.81818 -13.197 -13.644 -13.906 -14.372 -14.371 -14.318 -14.072 -13.722 -13.668 
2.02020 -12.888 -13.418 -13.875 -14.102 -14.496 -14.199 -13.953 -13.930 -13.574 
2.22222 -12.622 -13.286 -13.881 -14.245 -14.403 -14.417 -14.135 -13.979 -13.742 
2.42424 -12.286 -13.051 -13.658 -14.108 -14.167 -14.379 -14.081 -14.177 -13.489 
2.62626 -11.899 -12.883 -13.605 -13.963 -14.152 -14.263 -14.100 -13.929 -13.593 
2.82828 -11.617 -12.595 -13.332 -13.984 -14.210 -14.306 -14.074 -13.961 -13.670 
3.03030 -11.399 -12.304 -13.096 -13.811 -14.034 -14.126 -14.314 -14.021 -13.866 
3.23232 -11.076 -12.065 -13.008 -13.716 -13.901 -14.060 -14.278 -13.946 -13.730 
3.43434 -10.707 -12.113 -12.905 -13.546 -13.814 -13.985 -14.249 -13.942 -13.976 
3.63636 -10.354 -11.612 -12.486 -13.283 -13.732 -13.850 -14.083 -14.078 -14.052 
3.83838 -10.097 -11.324 -12.465 -13.195 -13.684 -13.822 -13.993 -14.052 -13.808 
4.04040 -9.835 -11.081 -12.184 -13.060 -13.451 -13.762 -14.015 -14.198 -14.164 
4.24242 -9.602 -10.802 -11.972 -13.007 -13.453 -13.643 -13.988 -14.069 -14.039 
4.44444 -9.376 -10.577 -11.831 -12.886 -13.369 -13.603 -13.934 -13.987 -14.131 
4.64646 -9.071 -10.322 -11.625 -12.635 -13.162 -13.371 -13.836 -14.013 -14.026 
4.84848 -8.848 -10.142 -11.273 -12.540 -12.996 -13.292 -13.847 -14.029 -14.063 
5.05051 -8.556 -10.003 -11.215 -12.345 -12.906 -13.310 -13.793 -14.040 -13.966 
5.25253 -8.279 -9.559 -10.949 -12.293 -12.916 -13.233 -13.803 -14.123 -14.144 
5.45455 -8.030 -9.522 -10.938 -12.121 -12.775 -13.082 -13.635 -13.919 -13.905 
5.65657 -7.766 -9.156 -10.821 -11.996 -12.703 -13.150 -13.524 -13.943 -14.043 
5.85859 -7.557 -8.830 -10.295 -11.807 -12.472 -12.921 -13.509 -13.829 -14.042 
6.06061 -7.293 -8.650 -10.153 -11.593 -12.431 -12.633 -13.371 -13.766 -13.745 
6.26263 -7.059 -8.362 -9.876 -11.418 -12.366 -12.559 -13.328 -13.779 -13.931 
6.46465 -6.805 -8.188 -10.024 -11.070 -12.065 -12.411 -13.254 -13.788 -13.995 
6.66667 -6.604 -8.000 -9.529 -10.997 -12.105 -12.377 -13.252 -13.696 -13.881 
6.86869 -6.355 -7.751 -9.149 -10.874 -11.749 -12.250 -13.268 -13.681 -13.908 
7.07071 -6.132 -7.948 -8.981 -10.664 -11.764 -12.231 -12.916 -13.554 -13.966 
7.27273 -5.910 -7.455 -9.152 -10.507 -11.741 -12.165 -12.834 -13.620 -13.897 
7.47475 -5.675 -7.318 -8.677 -10.196 -11.552 -11.692 -12.794 -13.394 -13.877 
7.67677 -5.450 -7.180 -8.312 -10.250 -11.323 -11.759 -12.836 -13.321 -13.807 
7.87879 -5.234 -6.804 -8.136 -10.051 -11.044 -11.673 -12.693 -13.450 -13.702 
8.08081 -4.990 -6.684 -8.102 -10.493 -10.997 -11.546 -12.492 -13.272 -13.542 
8.28283 -4.764 -6.310 -7.951 -9.856 -10.805 -11.535 -12.464 -13.252 -13.775 
8.48485 -4.594 -6.283 -7.905 -9.536 -10.628 -11.363 -12.410 -13.142 -13.631 
8.68687 -4.380 -6.246 -7.621 -9.632 -10.487 -11.142 -12.293 -13.215 -13.595 
8.88889 -4.190 -5.886 -7.218 -9.415 -10.405 -11.213 -12.220 -13.180 -13.516 
9.09091 -4.019 -5.636 -7.446 -9.175 -10.356 -10.964 -12.190 -13.068 -13.510 
9.29293 -3.841 -5.501 -7.248 -9.088 -10.245 -10.855 -12.066 -12.839 -13.417 
9.49495 -3.659 -5.373 -7.196 -8.763 -9.822 -10.640 -11.997 -12.852 -13.291 
9.69697 -3.547 -5.342 -6.731 -8.520 -9.924 -10.550 -11.809 -12.871 -13.321 
9.89899 -3.340 -5.090 -7.533 -8.630 -9.619 -10.370 -11.823 -12.620 -13.529 
10.10101 -3.198 -5.092 -6.555 -8.690 -9.292 -10.140 -11.497 -12.716 -13.220 
10.30303 -3.547 -4.704 -6.578 -8.250 -9.565 -10.031 -11.722 -12.626 -13.225 
10.50505 -4.455 -4.545 -6.265 -8.034 -9.422 -10.159 -11.551 -12.614 -13.178 
10.70707 -2.741 -4.496 -6.012 -7.757 -9.187 -9.887 -11.384 -12.503 -12.999 
10.90909 -2.636 -4.331 -5.850 -7.801 -9.305 -9.949 -11.513 -12.434 -13.266 
11.11111 -2.508 -4.821 -6.003 -8.139 -8.794 -9.799 -11.178 -12.357 -12.913 
11.31313 -2.249 -5.630 -5.437 -7.697 -9.026 -10.027 -11.186 -12.281 -12.943 
11.51515 -2.217 -3.953 -5.630 -7.489 -8.660 -9.445 -10.941 -12.122 -12.796 
11.71717 -2.089 -3.764 -5.246 -7.227 -8.596 -9.481 -11.048 -12.091 -12.890 
11.91919 -1.851 -3.629 -4.965 -7.069 -8.533 -9.324 -10.831 -12.119 -12.726 
12.12121 -1.733 -3.538 -5.386 -7.085 -8.199 -9.152 -10.757 -11.902 -12.806 
12.32323 -1.517 -3.597 -4.738 -7.740 -8.396 -8.922 -10.647 -11.981 -12.688 
12.52525 -1.306 -4.675 -4.788 -7.176 -8.029 -9.151 -10.742 -12.005 -12.658 
12.72727 -1.225 -3.168 -4.708 -6.822 -8.528 -8.867 -10.626 -11.805 -12.571 
12.92929 -2.748 -3.550 -4.435 -7.444 -7.819 -8.611 -10.328 -11.828 -12.558 
13.13131 -0.891 -2.927 -4.181 -6.166 -7.821 -8.707 -10.205 -11.590 -12.568 
13.33333 -0.711 -2.702 -4.396 -6.376 -7.779 -8.562 -10.324 -11.718 -12.529 
13.53535 -0.631 -2.703 -3.787 -6.003 -7.622 -8.376 -10.215 -11.442 -12.398 
13.73737 -0.769 -2.443 -5.081 -6.408 -7.211 -8.553 -10.012 -11.534 -12.360 
13.93939 -1.389 -2.343 -3.650 -6.006 -7.424 -8.061 -9.891 -11.619 -12.258 
14.14141 -0.168 -3.454 -3.863 -5.670 -7.312 -8.189 -9.979 -11.157 -12.464 
14.34343 -0.287 -2.082 -3.167 -5.137 -6.772 -7.874 -9.745 -11.322 -12.245 
14.54545 0.277 -2.005 -3.457 -5.626 -7.670 -8.100 -9.547 -11.117 -12.159 
14.74747 -0.220 -3.120 -3.994 -5.346 -6.809 -8.045 -9.596 -11.059 -12.001 
14.94949 0.511 -1.778 -3.032 -5.073 -7.008 -7.624 -9.772 -11.073 -12.130 
15.15152 0.830 -1.523 -3.338 -4.858 -6.950 -7.662 -9.610 -11.006 -12.218 
15.35354 0.843 -1.623 -2.599 -4.713 -7.133 -7.854 -9.429 -10.943 -11.945 
15.55556 0.820 -1.205 -2.576 -5.267 -6.372 -7.481 -9.391 -10.912 -11.882 
15.75758 -1.685 -1.425 -2.815 -4.697 -6.560 -7.326 -9.310 -10.696 -11.758 
15.95960 1.361 -1.167 -2.498 -4.363 -6.224 -7.274 -9.104 -10.770 -11.797 
16.16162 1.419 -1.557 -2.310 -5.130 -6.090 -7.134 -9.049 -10.540 -11.780 
16.36364 -4.004 -3.017 -2.823 -4.729 -6.284 -7.137 -9.014 -10.604 -11.595 
16.56566 0.616 -2.690 -2.003 -3.777 -6.252 -6.994 -8.780 -10.576 -11.607 
16.76768 1.794 -2.847 -2.023 -4.686 -6.008 -6.949 -9.116 -10.434 -11.547 
16.96970 1.670 -0.283 -2.840 -4.268 -5.859 -6.994 -8.745 -10.473 -11.434 
17.17172 -2.188 -0.084 -1.566 -4.334 -5.685 -6.721 -8.701 -10.369 -11.506 
17.37374 2.700 0.027 -1.664 -3.681 -5.639 -6.887 -8.646 -10.077 -11.397 
17.57576 0.086 -2.897 -1.679 -4.198 -5.680 -6.471 -8.619 -10.025 -11.400 
17.77778 2.852 0.199 -1.175 -4.182 -5.012 -6.458 -8.536 -10.241 -11.196 
17.97980 2.873 0.350 -0.975 -3.965 -5.565 -6.283 -8.596 -10.035 -11.065 
18.18182 0.547 0.381 -1.604 -3.656 -5.301 -5.953 -9.260 -9.930 -11.271 
18.38384 0.422 -3.575 -1.168 -3.267 -5.180 -5.934 -8.155 -9.859 -11.037 
18.58586 3.583 0.810 -0.700 -3.847 -5.165 -6.650 -7.955 -9.891 -11.231 
18.78788 3.289 0.870 -0.884 -2.891 -5.489 -5.920 -7.950 -9.720 -11.098 
18.98990 1.650 1.067 -2.473 -3.193 -4.994 -5.798 -7.917 -9.607 -10.806 
19.19192 2.379 1.067 -0.368 -3.032 -4.822 -5.690 -7.974 -9.821 -10.727 
19.39394 -1.446 0.464 -0.461 -2.347 -4.866 -5.937 -7.678 -9.423 -10.684 
19.59596 -1.951 -2.416 -0.508 -3.615 -4.531 -5.319 -7.368 -9.316 -10.700 
19.79798 4.111 1.578 -0.095 -2.623 -4.551 -5.701 -7.721 -9.205 -10.539 
20.00000 -0.984 -3.617 -3.649 -2.816 -4.641 -5.322 -7.693 -9.199 -10.636 
