# t[days] u g r i z y J H K
0.20202 94.728 109.523 nan nan nan nan nan nan nan 
0.40404 -13.422 -12.369 -10.784 -12.795 -12.365 -11.084 -12.419 -8.587 -7.783 
0.60606 -13.659 -13.271 -13.773 -13.788 -13.307 -13.223 -13.467 -12.092 -12.962 
0.80808 -13.699 -13.752 -14.275 -14.262 -14.026 -13.980 -13.751 -12.773 -12.599 
1.01010 -13.742 -14.021 -14.158 -14.213 -14.507 -14.022 -14.069 -13.810 -12.746 
1.21212 -14.017 -13.854 -13.949 -14.157 -14.101 -14.279 -14.022 -13.177 -12.391 
1.41414 -13.574 -13.853 -14.065 -14.284 -14.363 -14.213 -13.786 -13.416 -12.594 
1.61616 -13.205 -13.551 -13.756 -14.126 -14.058 -14.010 -13.567 -13.400 -13.200 
1.81818 -13.059 -13.507 -13.904 -14.090 -14.135 -14.031 -13.924 -13.702 -13.036 
2.02020 -12.815 -13.272 -13.662 -14.092 -14.188 -14.054 -14.073 -13.764 -13.600 
2.22222 -12.570 -13.223 -13.579 -14.070 -14.335 -14.119 -14.117 -13.708 -13.230 
2.42424 -12.207 -13.187 -13.555 -14.047 -14.050 -14.024 -14.059 -13.873 -13.548 
2.62626 -11.945 -12.938 -13.519 -13.857 -14.124 -14.072 -14.101 -13.786 -13.498 
2.82828 -11.652 -12.487 -13.101 -13.790 -13.882 -13.947 -14.049 -13.851 -13.557 
3.03030 -11.471 -12.428 -13.183 -13.624 -13.962 -13.959 -14.186 -14.052 -13.682 
3.23232 -11.056 -12.166 -12.957 -13.550 -13.841 -14.057 -14.121 -13.975 -13.870 
3.43434 -10.753 -11.896 -12.746 -13.375 -13.795 -13.896 -14.121 -14.091 -13.789 
3.63636 -10.455 -11.740 -12.683 -13.315 -13.573 -13.862 -13.966 -14.042 -13.670 
3.83838 -10.117 -11.425 -12.544 -13.225 -13.775 -13.750 -14.140 -14.168 -13.922 
4.04040 -9.889 -11.161 -12.309 -13.095 -13.607 -13.763 -14.005 -14.170 -13.987 
4.24242 -9.564 -10.892 -12.082 -12.928 -13.307 -13.771 -13.803 -14.056 -13.874 
4.44444 -9.304 -10.705 -11.832 -12.936 -13.381 -13.705 -13.956 -14.172 -13.980 
4.64646 -9.088 -10.477 -11.584 -12.782 -13.197 -13.576 -13.831 -13.884 -13.925 
4.84848 -8.757 -10.190 -11.444 -12.598 -13.010 -13.314 -13.789 -13.884 -14.141 
5.05051 -8.468 -9.979 -11.204 -12.522 -13.005 -13.358 -13.835 -13.934 -14.040 
5.25253 -8.190 -9.590 -10.996 -12.342 -12.996 -13.027 -13.617 -13.949 -14.009 
5.45455 -7.874 -9.574 -10.941 -12.157 -12.794 -13.338 -13.573 -13.927 -13.886 
5.65657 -7.610 -9.103 -10.525 -11.819 -12.347 -12.852 -13.497 -13.862 -14.030 
5.85859 -7.354 -8.833 -10.312 -11.788 -12.450 -12.773 -13.525 -13.819 -14.097 
6.06061 -7.067 -8.671 -10.328 -11.478 -12.419 -12.658 -13.396 -13.849 -13.945 
6.26263 -6.819 -8.400 -9.849 -11.502 -12.296 -12.570 -13.388 -13.765 -13.953 
6.46465 -6.676 -8.240 -10.202 -11.346 -12.279 -12.464 -13.340 -13.761 -13.988 
6.66667 -6.270 -8.085 -9.478 -11.129 -11.954 -12.450 -13.173 -13.628 -13.937 
6.86869 -6.023 -7.761 -9.334 -10.807 -11.924 -12.229 -12.995 -13.582 -13.770 
7.07071 -5.751 -7.632 -9.360 -10.895 -11.744 -12.264 -13.030 -13.533 -13.789 
7.27273 -5.505 -7.186 -9.161 -10.659 -11.486 -11.939 -12.942 -13.643 -13.851 
7.47475 -5.217 -6.911 -8.922 -10.406 -11.736 -11.807 -12.820 -13.636 -13.864 
7.67677 -7.088 -6.715 -8.641 -10.264 -11.437 -11.873 -12.890 -13.591 -13.770 
7.87879 -4.860 -6.644 -8.454 -10.223 -11.261 -11.685 -13.024 -13.397 -13.798 
8.08081 -4.581 -6.486 -7.970 -10.456 -11.300 -11.627 -12.664 -13.569 -13.758 
8.28283 -4.379 -6.113 -7.975 -9.990 -11.127 -11.797 -12.574 -13.206 -13.834 
8.48485 -4.140 -6.142 -8.389 -9.910 -10.793 -11.479 -12.667 -13.297 -13.743 
8.68687 -3.925 -5.807 -8.044 -9.549 -10.849 -11.261 -12.346 -13.349 -13.562 
8.88889 -4.633 -5.673 -7.445 -9.355 -10.710 -11.173 -12.463 -13.157 -13.564 
9.09091 -3.577 -5.367 -7.171 -9.434 -10.861 -11.364 -12.161 -13.102 -13.556 
9.29293 -3.384 -5.153 -7.063 -9.399 -10.317 -11.019 -12.101 -13.127 -13.563 
9.49495 -3.681 -4.946 -6.881 -9.043 -10.193 -10.723 -11.967 -12.977 -13.619 
9.69697 -3.095 -5.005 -6.675 -8.826 -10.252 -10.837 -11.870 -12.925 -13.390 
9.89899 -2.797 -4.630 -6.178 -8.742 -10.092 -10.566 -11.758 -12.897 -13.489 
10.10101 -2.595 -4.581 -6.264 -8.486 -9.704 -10.387 -11.499 -12.736 -13.271 
10.30303 -2.406 -4.303 -6.036 -8.096 -9.543 -10.276 -11.550 -12.635 -13.307 
10.50505 -2.226 -4.089 -6.230 -8.460 -9.334 -10.090 -11.539 -12.642 -13.280 
10.70707 -2.182 -3.997 -5.813 -8.294 -9.226 -9.982 -11.421 -12.454 -13.275 
10.90909 -1.942 -3.784 -5.465 -7.704 -9.269 -10.067 -11.454 -12.430 -13.100 
11.11111 -1.777 -3.636 -5.716 -7.814 -9.043 -9.851 -11.265 -12.429 -13.154 
11.31313 -1.451 -4.029 -5.532 -7.485 -9.290 -9.668 -11.118 -12.374 -12.972 
11.51515 -1.229 -3.331 -5.110 -7.470 -8.876 -9.284 -11.142 -12.236 -13.114 
11.71717 -1.118 -3.177 -5.270 -7.121 -8.589 -9.611 -10.998 -12.269 -12.970 
11.91919 -0.936 -2.979 -4.720 -7.781 -8.826 -9.236 -10.757 -12.134 -12.868 
12.12121 -0.964 -3.979 -4.898 -6.855 -8.456 -9.291 -10.694 -12.086 -12.867 
12.32323 -0.598 -2.695 -4.094 -6.587 -8.680 -9.034 -11.085 -12.079 -12.776 
12.52525 -4.379 -2.768 -4.537 -6.657 -8.045 -9.282 -10.740 -11.779 -12.714 
12.72727 -0.834 -5.363 -4.377 -6.612 -8.044 -8.756 -10.792 -11.872 -12.756 
12.92929 -0.042 -2.491 -3.640 -6.511 -8.023 -8.648 -10.668 -11.792 -12.613 
13.13131 -1.632 -2.502 -4.863 -6.016 -7.546 -8.607 -10.456 -11.867 -12.679 
13.33333 0.253 -1.922 -3.293 -5.868 -7.724 -8.691 -10.369 -11.819 -12.579 
13.53535 0.434 -1.650 -3.477 -6.170 -7.274 -9.360 -10.095 -11.718 -12.516 
13.73737 0.244 -2.934 -3.000 -5.833 -7.659 -8.213 -10.171 -11.578 -12.526 
13.93939 0.717 -1.738 -3.179 -5.719 -7.330 -8.664 -9.871 -11.521 -12.387 
14.14141 0.107 -2.218 -3.343 -5.592 -7.325 -7.827 -9.861 -11.489 -12.368 
14.34343 1.414 -1.104 -2.947 -5.847 -7.052 -8.115 -9.773 -11.403 -12.271 
14.54545 -0.234 -0.975 -4.249 -5.006 -7.251 -8.225 -9.697 -11.262 -12.236 
14.74747 0.740 -2.735 -3.201 -5.400 -6.846 -7.892 -9.577 -11.229 -12.287 
14.94949 1.523 -0.618 -2.086 -6.104 -7.780 -7.914 -9.674 -11.071 -12.138 
15.15152 1.933 -0.507 -5.347 -5.034 -7.115 -7.613 -9.436 -11.100 -12.284 
15.35354 2.113 -0.257 -1.849 -5.516 -7.082 -7.853 -9.424 -11.104 -12.105 
15.55556 2.572 -0.267 -1.985 -4.789 -6.685 -7.194 -9.454 -10.883 -12.023 
15.75758 2.529 0.067 -1.932 -4.418 -6.270 -7.230 -9.238 -11.147 -11.825 
15.95960 1.527 -3.499 -1.904 -4.654 -6.629 -7.168 -9.169 -10.801 -11.955 
16.16162 2.747 0.220 -1.467 -4.212 -6.157 -7.998 -9.149 -10.621 -11.819 
16.36364 2.829 0.334 -1.342 -4.325 -6.373 -7.540 -9.086 -10.679 -11.776 
16.56566 -2.471 -0.607 -1.609 -4.292 -6.169 -7.177 -8.719 -10.629 -11.529 
16.76768 3.158 0.153 -1.761 -4.183 -6.140 -7.209 -8.957 -10.390 -11.557 
16.96970 3.516 -3.621 -1.237 -3.371 -5.524 -7.011 -8.667 -10.428 -11.622 
17.17172 -0.491 -0.146 -0.573 -3.520 -5.959 -6.863 -8.948 -10.696 -11.483 
17.37374 -1.982 -2.620 -0.748 -3.642 -6.023 -6.535 -8.515 -10.216 -11.396 
17.57576 4.441 -1.040 -3.113 -3.346 -5.815 -6.427 -8.479 -10.184 -11.266 
17.77778 4.195 1.291 -0.223 -3.563 -5.141 -6.667 -8.285 -10.201 -11.297 
17.97980 3.757 0.793 -0.336 -3.398 -5.282 -6.146 -8.243 -10.018 -11.244 
18.18182 4.656 1.667 -4.345 -2.448 -5.447 -5.825 -8.342 -9.931 -11.172 
18.38384 4.733 1.883 -0.136 -3.581 -5.180 -6.189 -8.211 -10.103 -11.269 
18.58586 4.601 -2.776 -3.500 -3.101 -5.460 -6.031 -8.015 -9.894 -11.147 
18.78788 4.426 1.767 0.378 -2.522 -4.920 -5.967 -7.946 -9.637 -10.828 
18.98990 2.275 2.309 -0.526 -2.641 -4.871 -5.498 -7.665 -9.778 -10.816 
19.19192 5.431 2.000 -1.871 -2.544 -4.371 -5.849 -7.810 -9.508 -10.866 
19.39394 3.504 1.761 -2.321 -2.391 -4.121 -5.825 -7.732 -9.667 -10.721 
19.59596 5.321 0.344 0.590 -2.287 -4.624 -5.734 -7.751 -9.532 -10.948 
19.79798 -3.315 2.574 -2.359 -3.745 -5.050 -5.214 -7.487 -9.681 -10.608 
20.00000 -2.754 2.658 -3.094 -2.513 -4.489 -5.550 -7.353 -9.102 -10.402 
