# t[days] u g r i z y J H K
0.20202 85.070 nan 39.470 nan nan nan nan nan nan 
0.40404 -12.490 -13.094 -11.833 -12.706 -12.649 -10.759 -13.060 -13.081 -6.405 
0.60606 -13.755 -13.404 -14.065 -13.923 -13.864 -14.053 -12.882 -12.704 -12.023 
0.80808 -14.023 -14.170 -14.250 -14.657 -15.031 -14.366 -14.456 -14.375 -12.847 
1.01010 -14.626 -14.851 -14.960 -15.164 -15.100 -15.218 -15.019 -15.132 -14.006 
1.21212 -14.695 -14.689 -14.575 -14.926 -14.795 -15.144 -14.862 -14.197 -14.040 
1.41414 -14.439 -14.484 -14.665 -14.968 -15.009 -15.462 -14.934 -14.680 -14.383 
1.61616 -14.362 -14.377 -14.808 -15.009 -15.107 -15.053 -15.347 -14.832 -13.934 
1.81818 -13.986 -14.293 -14.724 -15.067 -15.204 -15.089 -15.157 -14.810 -13.910 
2.02020 -13.480 -14.229 -14.586 -14.759 -14.894 -15.052 -14.946 -14.893 -14.177 
2.22222 -13.411 -13.861 -14.270 -14.734 -14.852 -14.926 -14.944 -14.689 -14.214 
2.42424 -13.325 -13.916 -14.145 -14.651 -14.906 -15.072 -15.076 -14.964 -14.488 
2.62626 -12.709 -13.596 -14.231 -14.678 -14.873 -15.029 -14.957 -14.624 -14.504 
2.82828 -12.559 -13.496 -14.006 -14.699 -14.826 -14.873 -14.876 -14.834 -14.452 
3.03030 -11.975 -13.008 -13.756 -14.453 -14.557 -14.697 -14.731 -14.854 -14.422 
3.23232 -11.678 -13.215 -13.720 -14.267 -14.557 -14.649 -14.933 -14.843 -14.463 
3.43434 -11.719 -12.664 -13.538 -14.051 -14.393 -14.524 -14.950 -14.792 -14.809 
3.63636 -11.394 -12.600 -13.417 -14.011 -14.434 -14.719 -14.679 -14.759 -14.684 
3.83838 -11.042 -12.218 -13.190 -13.943 -14.380 -14.555 -14.800 -14.793 -14.645 
4.04040 -11.088 -12.238 -12.912 -13.862 -14.099 -14.331 -14.725 -14.681 -14.544 
4.24242 -11.044 -12.275 -12.999 -13.796 -14.200 -14.370 -14.787 -14.759 -14.817 
4.44444 -10.343 -11.834 -12.840 -13.467 -13.965 -14.320 -14.644 -14.616 -14.686 
4.64646 -9.932 -11.395 -12.247 -13.310 -13.759 -14.139 -14.391 -14.784 -14.664 
4.84848 -9.830 -11.403 -12.511 -13.258 -13.791 -14.109 -14.427 -14.621 -14.566 
5.05051 -10.369 -11.270 -12.361 -13.296 -13.701 -13.969 -14.509 -14.536 -14.580 
5.25253 -9.472 -10.813 -12.072 -12.960 -13.465 -13.754 -14.194 -14.695 -14.506 
5.45455 -9.328 -10.558 -11.902 -13.091 -13.512 -13.673 -14.342 -14.553 -14.348 
5.65657 -9.023 -10.457 -11.802 -12.604 -13.395 -13.743 -14.206 -14.406 -14.548 
5.85859 -8.836 -10.363 -11.545 -12.661 -13.224 -13.611 -14.144 -14.329 -14.598 
6.06061 -8.650 -10.179 -11.311 -12.703 -13.282 -13.471 -14.075 -14.378 -14.343 
6.26263 -8.595 -9.863 -11.076 -12.246 -13.094 -13.344 -14.001 -14.419 -14.573 
6.46465 -8.365 -9.885 -11.463 -12.158 -12.870 -13.295 -14.030 -14.390 -14.417 
6.66667 -8.126 -9.754 -10.831 -12.358 -12.790 -13.150 -13.763 -14.352 -14.417 
6.86869 -7.986 -9.366 -10.952 -12.030 -12.817 -13.076 -13.828 -14.091 -14.407 
7.07071 -7.942 -9.516 -10.750 -12.037 -12.605 -12.887 -13.839 -14.153 -14.350 
7.27273 -7.638 -9.555 -10.359 -11.807 -12.825 -12.894 -13.619 -14.053 -14.317 
7.47475 -7.492 -8.867 -10.440 -11.813 -12.205 -12.741 -13.604 -14.224 -14.424 
7.67677 -7.302 -8.886 -10.542 -11.416 -12.161 -12.820 -13.271 -13.913 -14.198 
7.87879 -7.099 -8.790 -10.211 -11.586 -12.171 -12.629 -13.386 -13.977 -14.127 
8.08081 -6.997 -9.053 -10.036 -11.498 -12.265 -12.646 -13.311 -13.874 -14.266 
8.28283 -6.965 -8.411 -9.903 -11.562 -11.881 -12.429 -13.090 -13.898 -14.176 
8.48485 -6.707 -8.185 -10.106 -10.988 -11.800 -12.532 -13.222 -13.770 -14.169 
8.68687 -6.514 -7.904 -9.741 -10.922 -12.133 -12.439 -13.129 -13.903 -14.119 
8.88889 -6.284 -8.112 -9.501 -10.804 -11.843 -12.173 -13.200 -13.722 -14.021 
9.09091 -6.719 -7.707 -9.348 -10.667 -11.574 -12.085 -12.952 -13.618 -14.095 
9.29293 -6.271 -7.551 -9.094 -10.561 -11.707 -11.968 -12.800 -13.632 -14.046 
9.49495 -6.015 -7.425 -8.721 -10.639 -11.561 -11.917 -12.876 -13.500 -13.967 
9.69697 -5.566 -7.230 -9.019 -10.452 -11.631 -11.702 -12.724 -13.449 -13.912 
9.89899 -5.614 -7.341 -9.190 -10.143 -11.172 -11.684 -12.737 -13.499 -13.771 
10.10101 -5.271 -6.846 -8.737 -10.277 -11.300 -11.557 -12.544 -13.391 -13.869 
10.30303 -5.095 -6.892 -8.597 -10.145 -10.924 -11.904 -12.606 -13.426 -13.769 
10.50505 -5.618 -6.576 -8.357 -9.870 -10.849 -11.358 -12.295 -13.183 -13.707 
10.70707 -6.258 -6.790 -8.194 -9.759 -10.950 -11.349 -12.332 -13.177 -13.595 
10.90909 -5.140 -6.612 -7.958 -9.641 -10.988 -11.393 -12.413 -13.062 -13.514 
11.11111 -5.418 -6.621 -8.092 -9.431 -10.392 -11.174 -12.094 -13.079 -13.664 
11.31313 -4.486 -6.058 -7.929 -9.422 -10.504 -10.951 -12.120 -13.096 -13.591 
11.51515 -4.266 -6.096 -7.709 -9.425 -10.194 -10.906 -12.225 -13.171 -13.409 
11.71717 -4.146 -5.757 -7.460 -9.120 -10.122 -11.154 -11.964 -12.903 -13.550 
11.91919 -4.034 -5.552 -8.209 -9.336 -10.195 -10.884 -11.970 -12.893 -13.580 
12.12121 -3.955 -5.557 -7.439 -8.939 -10.546 -10.659 -11.650 -12.722 -13.155 
12.32323 -3.750 -5.434 -7.543 -8.923 -10.339 -10.683 -11.698 -12.813 -13.230 
12.52525 -3.653 -5.520 -6.775 -8.864 -9.837 -10.854 -11.584 -12.516 -13.234 
12.72727 -5.030 -5.116 -6.808 -8.290 -9.761 -10.453 -11.514 -12.407 -13.206 
12.92929 -4.887 -4.997 -7.195 -8.705 -9.553 -10.355 -11.337 -12.387 -13.120 
13.13131 -3.178 -5.315 -6.916 -8.636 -9.725 -10.289 -11.500 -12.323 -13.094 
13.33333 -5.133 -4.931 -6.399 -8.725 -9.612 -9.997 -11.348 -12.252 -12.917 
13.53535 -3.929 -5.334 -6.454 -8.111 -9.641 -10.247 -11.332 -12.135 -13.121 
13.73737 -2.665 -4.649 -6.662 -8.370 -9.257 -10.066 -11.123 -12.385 -13.140 
13.93939 -2.673 -4.933 -6.390 -8.337 -9.216 -9.913 -11.311 -12.071 -12.990 
14.14141 -4.171 -4.620 -6.428 -8.561 -9.110 -9.863 -11.011 -12.119 -12.961 
14.34343 -2.254 -4.549 -6.266 -7.754 -9.155 -10.346 -11.064 -12.205 -12.883 
14.54545 -2.218 -4.229 -6.096 -8.085 -8.879 -9.562 -10.857 -12.193 -12.762 
14.74747 -2.018 -4.096 -5.905 -7.468 -9.043 -9.593 -10.795 -12.053 -12.742 
14.94949 -3.472 -4.035 -6.186 -7.667 -9.063 -9.406 -10.794 -11.890 -12.695 
15.15152 -1.803 -3.974 -6.031 -7.608 -8.675 -9.282 -10.818 -11.757 -12.647 
15.35354 -3.777 -3.946 -5.415 -7.701 -8.558 -9.299 -10.757 -11.718 -12.723 
15.55556 -1.668 -3.781 -5.337 -7.279 -8.722 -9.468 -10.688 -11.837 -12.620 
15.75758 -1.557 -3.671 -5.440 -7.498 -8.601 -9.211 -10.678 -11.816 -12.572 
15.95960 -1.466 -3.607 -8.348 -7.561 -8.171 -9.166 -10.591 -11.572 -12.514 
16.16162 -1.375 -3.522 -5.376 -7.562 -8.241 -8.976 -10.306 -11.752 -12.375 
16.36364 -1.352 -4.304 -5.151 -7.155 -8.716 -8.924 -10.402 -11.422 -12.587 
16.56566 -1.196 -3.778 -5.317 -6.790 -8.471 -9.053 -10.213 -11.581 -12.388 
16.76768 -1.107 -3.310 -5.441 -7.169 -8.340 -9.035 -10.345 -11.404 -12.244 
16.96970 -1.081 -3.172 -4.759 -6.499 -7.882 -8.665 -10.082 -11.241 -12.276 
17.17172 -1.917 -3.119 -5.839 -6.888 -8.134 -8.598 -10.180 -11.280 -12.333 
17.37374 -2.419 -3.243 -5.173 -6.868 -7.967 -8.745 -9.994 -11.211 -12.200 
17.57576 -0.696 -2.891 -4.713 -6.644 -7.867 -8.771 -10.070 -11.288 -12.068 
17.77778 -0.965 -3.585 -4.234 -6.126 -7.602 -9.977 -10.237 -11.480 -12.058 
17.97980 -0.536 -2.693 -4.221 -6.159 -7.771 -8.340 -9.761 -11.088 -11.888 
18.18182 -0.555 -2.669 -4.557 -6.024 -7.925 -8.537 -9.898 -11.225 -11.918 
18.38384 -0.400 -2.729 -4.432 -6.734 -7.822 -8.121 -10.075 -11.208 -12.052 
18.58586 -0.193 -2.446 -4.219 -6.178 -7.553 -8.319 -9.761 -10.970 -11.832 
18.78788 -0.127 -2.420 -3.858 -5.794 -7.484 -8.072 -9.621 -10.843 -11.881 
18.98990 -0.027 -2.397 -3.769 -5.637 -7.498 -8.226 -9.607 -10.947 -11.960 
19.19192 0.239 -2.409 -4.067 -5.795 -7.432 -8.104 -9.371 -10.905 -11.682 
19.39394 0.332 -2.137 -4.248 -5.862 -7.131 -7.875 -9.490 -10.775 -11.653 
19.59596 -3.709 -3.239 -5.018 -5.572 -7.355 -8.146 -9.421 -10.556 -11.582 
19.79798 0.654 -1.882 -3.652 -6.002 -6.854 -8.361 -9.316 -10.516 -11.567 
20.00000 0.726 -1.789 -3.266 -5.838 -6.972 -7.847 -9.092 -10.561 -11.616 
