# t[days] u g r i z y J H K
0.20202 -9.555 -9.332 -8.609 -8.082 -8.532 -7.658 -6.213 -5.517 -5.337 
0.40404 -12.647 -13.024 -13.358 -13.938 -12.918 -14.016 -13.534 -12.392 -10.077 
0.60606 -13.906 -13.655 -14.260 -14.486 -13.883 -14.331 -14.287 -13.729 -12.669 
0.80808 -13.938 -14.327 -14.658 -15.202 -15.188 -14.978 -14.619 -14.462 -13.686 
1.01010 -13.706 -14.525 -14.748 -15.481 -15.530 -15.521 -15.118 -14.759 -14.159 
1.21212 -12.925 -13.901 -14.765 -15.304 -15.652 -15.364 -15.238 -14.888 -14.648 
1.41414 -12.720 -13.750 -14.557 -15.167 -15.394 -15.583 -15.327 -15.240 -14.664 
1.61616 -12.252 -13.523 -14.440 -14.921 -15.327 -15.446 -15.259 -14.998 -14.928 
1.81818 -11.854 -12.904 -13.894 -14.754 -15.265 -15.114 -15.256 -14.940 -15.007 
2.02020 -11.720 -12.461 -13.685 -14.632 -14.932 -14.915 -15.018 -14.995 -14.765 
2.22222 -11.486 -12.243 -13.336 -14.321 -14.702 -14.902 -14.974 -14.890 -14.514 
2.42424 -11.286 -12.000 -13.372 -14.102 -14.626 -14.847 -15.004 -14.882 -14.723 
2.62626 -11.096 -11.763 -12.678 -13.846 -14.594 -14.643 -14.796 -14.893 -14.652 
2.82828 -10.895 -11.382 -12.566 -13.642 -14.300 -14.256 -14.559 -14.863 -14.890 
3.03030 -10.690 -11.209 -12.173 -13.253 -14.058 -14.283 -14.525 -14.480 -14.474 
3.23232 -10.504 -11.044 -11.916 -13.371 -13.993 -14.077 -14.521 -14.449 -14.614 
3.43434 -10.291 -10.909 -12.036 -13.150 -13.928 -14.014 -14.347 -14.618 -14.192 
3.63636 -10.095 -10.660 -11.804 -12.941 -13.681 -14.048 -14.210 -14.439 -14.392 
3.83838 -9.892 -10.617 -11.608 -12.870 -13.631 -13.968 -14.227 -14.477 -14.425 
4.04040 -9.712 -10.408 -11.465 -12.926 -13.677 -13.826 -14.296 -14.446 -14.518 
4.24242 -9.512 -10.285 -11.299 -12.730 -13.455 -13.657 -14.150 -14.261 -14.353 
4.44444 -9.312 -10.176 -11.196 -12.614 -13.367 -13.706 -14.014 -14.313 -14.251 
4.64646 -9.467 -9.949 -10.894 -12.535 -13.301 -13.594 -14.010 -14.337 -14.392 
4.84848 -9.099 -10.281 -11.314 -12.337 -13.188 -13.553 -13.916 -14.135 -14.341 
5.05051 -8.739 -9.643 -11.156 -12.413 -13.054 -13.493 -13.763 -14.338 -14.343 
5.25253 -8.544 -9.468 -10.655 -12.162 -13.137 -13.481 -13.696 -14.028 -14.211 
5.45455 -8.381 -9.324 -10.729 -12.218 -13.024 -13.278 -13.603 -14.105 -14.188 
5.65657 -8.181 -9.164 -10.515 -11.931 -12.932 -13.235 -13.700 -13.886 -14.118 
5.85859 -8.026 -9.222 -10.524 -11.803 -12.897 -13.152 -13.544 -13.962 -14.177 
6.06061 -7.890 -8.953 -10.351 -11.813 -12.809 -13.078 -13.562 -13.910 -13.979 
6.26263 -7.661 -8.813 -10.157 -11.696 -12.602 -12.972 -13.349 -13.813 -14.082 
6.46465 -7.505 -9.091 -10.094 -11.483 -12.466 -12.903 -13.303 -13.717 -13.894 
6.66667 -7.302 -8.706 -10.297 -11.504 -12.526 -12.904 -13.237 -13.661 -14.012 
6.86869 -7.053 -8.744 -10.009 -11.424 -12.413 -12.804 -13.278 -13.619 -13.812 
7.07071 -6.961 -8.328 -9.844 -11.262 -12.300 -12.763 -13.055 -13.513 -13.919 
7.27273 -6.652 -8.316 -9.800 -11.307 -12.228 -12.632 -13.080 -13.449 -13.867 
7.47475 -6.480 -7.955 -9.602 -11.316 -12.194 -12.558 -12.962 -13.362 -13.699 
7.67677 -6.294 -7.638 -9.328 -11.051 -12.099 -12.473 -12.970 -13.329 -13.554 
7.87879 -6.117 -7.616 -9.294 -10.964 -11.965 -12.425 -12.836 -13.194 -13.555 
8.08081 -6.091 -7.544 -9.046 -10.804 -11.887 -12.383 -12.698 -13.228 -13.372 
8.28283 -5.720 -7.283 -9.207 -10.845 -11.863 -12.253 -12.711 -13.185 -13.396 
8.48485 -5.663 -7.144 -8.834 -10.664 -11.858 -12.250 -12.627 -13.041 -13.465 
8.68687 -5.522 -7.073 -8.911 -10.634 -11.747 -12.166 -12.644 -13.006 -13.314 
8.88889 -5.238 -6.860 -8.746 -10.578 -11.654 -12.143 -12.508 -12.944 -13.340 
9.09091 -5.084 -6.649 -8.744 -10.444 -11.604 -11.979 -12.485 -12.941 -13.285 
9.29293 -4.972 -6.483 -8.524 -10.362 -11.550 -11.992 -12.434 -12.907 -13.234 
9.49495 -4.744 -6.461 -8.527 -10.305 -11.388 -11.848 -12.382 -12.808 -13.308 
9.69697 -4.861 -6.239 -8.259 -10.387 -11.449 -11.792 -12.388 -12.810 -13.028 
9.89899 -4.792 -6.017 -8.171 -10.240 -11.369 -11.688 -12.266 -12.677 -12.903 
10.10101 -4.317 -6.090 -8.199 -10.073 -11.150 -11.652 -12.177 -12.592 -12.939 
10.30303 -4.230 -5.892 -8.013 -9.916 -11.120 -11.659 -12.157 -12.582 -12.923 
10.50505 -4.005 -6.058 -7.876 -9.836 -11.038 -11.512 -12.109 -12.518 -12.816 
10.70707 -3.810 -5.584 -7.992 -9.801 -11.034 -11.583 -12.027 -12.465 -12.891 
10.90909 -3.627 -5.543 -7.890 -9.745 -10.981 -11.509 -12.033 -12.417 -12.866 
11.11111 -3.476 -5.531 -7.630 -9.798 -10.879 -11.386 -11.957 -12.404 -12.792 
11.31313 -3.317 -5.095 -7.559 -9.654 -10.839 -11.342 -11.912 -12.378 -12.735 
11.51515 -3.854 -5.254 -7.502 -9.551 -10.802 -11.298 -11.873 -12.280 -12.646 
11.71717 -3.021 -5.327 -7.478 -9.457 -10.645 -11.215 -11.752 -12.308 -12.601 
11.91919 -2.827 -4.820 -7.378 -9.414 -10.631 -11.211 -11.818 -12.258 -12.605 
12.12121 -2.914 -4.681 -7.182 -9.332 -10.570 -11.195 -11.740 -12.159 -12.589 
12.32323 -3.750 -4.864 -7.199 -9.339 -10.528 -11.136 -11.670 -12.116 -12.491 
12.52525 -2.412 -4.751 -7.237 -9.227 -10.454 -11.017 -11.687 -12.172 -12.497 
12.72727 -2.316 -4.738 -6.968 -9.092 -10.511 -11.012 -11.600 -12.094 -12.470 
12.92929 -2.185 -4.553 -6.869 -9.081 -10.440 -10.982 -11.586 -12.028 -12.382 
13.13131 -2.106 -4.746 -6.769 -9.079 -10.405 -10.925 -11.576 -12.063 -12.381 
13.33333 -1.981 -4.233 -6.785 -8.907 -10.333 -10.881 -11.588 -11.968 -12.303 
13.53535 -1.837 -4.049 -6.689 -8.863 -10.304 -10.881 -11.522 -12.025 -12.349 
13.73737 -1.827 -3.951 -6.803 -8.880 -10.172 -10.827 -11.530 -11.991 -12.337 
13.93939 -1.694 -4.355 -6.558 -8.801 -10.187 -10.807 -11.438 -11.955 -12.281 
14.14141 -1.604 -3.936 -6.480 -9.129 -10.118 -10.761 -11.406 -11.926 -12.359 
14.34343 -1.566 -3.770 -6.469 -8.677 -10.031 -10.681 -11.415 -11.934 -12.308 
14.54545 -1.585 -3.634 -6.109 -8.593 -10.048 -10.706 -11.370 -11.999 -12.276 
14.74747 -2.155 -3.547 -6.369 -8.598 -9.972 -10.710 -11.388 -11.860 -12.161 
14.94949 -1.260 -3.722 -6.094 -8.519 -9.973 -10.648 -11.381 -11.919 -12.169 
15.15152 -1.150 -3.724 -6.104 -8.479 -9.880 -10.666 -11.279 -11.885 -12.200 
15.35354 -1.013 -3.204 -6.131 -8.427 -9.906 -10.538 -11.260 -11.814 -12.134 
15.55556 -0.936 -3.061 -5.790 -8.476 -9.774 -10.536 -11.196 -11.773 -12.156 
15.75758 -0.800 -2.932 -5.763 -8.291 -9.787 -10.509 -11.182 -11.763 -12.134 
15.95960 -0.651 -2.885 -5.715 -8.402 -9.737 -10.443 -11.153 -11.755 -12.111 
16.16162 -0.534 -2.721 -5.819 -8.242 -9.761 -10.316 -11.100 -11.660 -12.140 
16.36364 -0.364 -2.645 -5.892 -8.148 -9.591 -10.418 -11.032 -11.645 -12.075 
16.56566 -0.286 -2.759 -5.334 -8.143 -9.640 -10.294 -11.061 -11.659 -11.991 
16.76768 -0.092 -2.424 -5.494 -8.049 -9.632 -10.229 -11.037 -11.590 -11.988 
16.96970 -1.298 -2.597 -5.409 -7.935 -9.507 -10.233 -11.006 -11.630 -12.001 
17.17172 0.234 -2.451 -5.428 -7.839 -9.471 -10.329 -10.951 -11.584 -12.030 
17.37374 0.358 -2.861 -5.197 -7.867 -9.460 -10.256 -11.015 -11.591 -11.975 
17.57576 -1.280 -2.036 -5.108 -7.684 -9.299 -10.087 -10.950 -11.501 -11.959 
17.77778 0.569 -2.121 -5.035 -7.638 -9.389 -10.096 -10.892 -11.467 -11.868 
17.97980 0.755 -2.240 -5.003 -7.680 -9.251 -10.029 -10.843 -11.479 -11.877 
18.18182 0.782 -2.129 -5.325 -7.661 -9.185 -9.976 -10.833 -11.413 -11.955 
18.38384 1.024 -1.794 -4.958 -7.683 -9.200 -9.877 -10.738 -11.432 -11.928 
18.58586 1.112 -1.764 -5.262 -7.723 -9.091 -9.930 -10.734 -11.443 -11.798 
18.78788 1.194 -1.514 -4.792 -7.534 -9.003 -9.898 -10.675 -11.361 -11.773 
18.98990 1.354 -1.662 -4.617 -7.407 -8.958 -9.792 -10.704 -11.413 -11.748 
19.19192 1.455 -1.481 -4.500 -7.427 -8.980 -9.729 -10.595 -11.272 -11.764 
19.39394 1.548 -1.482 -4.812 -7.412 -8.899 -9.725 -10.599 -11.314 -11.649 
19.59596 1.154 -1.518 -4.488 -7.098 -8.669 -9.571 -10.555 -11.251 -11.608 
19.79798 1.771 -0.874 -4.028 -6.945 -8.636 -9.606 -10.457 -11.099 -11.514 
20.00000 1.906 -0.689 -4.310 -6.823 -8.607 -9.559 -10.377 -11.040 -11.543 
