# t[days] u g r i z y J H K
0.20202 96.684 446.107 440.818 nan nan nan nan nan nan 
0.40404 -12.645 -12.877 -12.896 -12.318 -12.184 -14.414 -13.415 -9.808 -13.746 
0.60606 -13.211 -13.382 -14.429 -14.295 -15.446 -15.252 -14.386 -14.393 -12.495 
0.80808 -14.559 -14.571 -14.665 -15.293 -15.567 -15.799 -15.324 -15.038 -14.788 
1.01010 -14.812 -14.754 -15.212 -15.552 -16.016 -16.161 -15.730 -15.297 -14.407 
1.21212 -14.961 -14.989 -15.150 -15.636 -16.079 -16.171 -15.775 -15.514 -15.250 
1.41414 -14.884 -15.075 -15.280 -15.629 -15.968 -15.978 -15.817 -15.213 -15.119 
1.61616 -14.837 -15.119 -15.349 -15.731 -15.989 -16.035 -15.863 -15.479 -15.035 
1.81818 -14.759 -15.052 -15.284 -15.728 -16.048 -16.189 -15.958 -15.424 -15.173 
2.02020 -14.640 -15.115 -15.422 -15.760 -16.110 -16.290 -15.987 -15.796 -14.994 
2.22222 -14.509 -15.039 -15.399 -15.786 -16.111 -16.337 -16.016 -15.639 -15.277 
2.42424 -14.495 -15.023 -15.467 -15.799 -16.123 -16.319 -16.089 -15.805 -15.452 
2.62626 -14.313 -15.057 -15.466 -15.803 -16.185 -16.253 -16.107 -15.794 -15.627 
2.82828 -14.014 -14.847 -15.422 -15.878 -16.221 -16.290 -16.096 -15.872 -15.532 
3.03030 -14.031 -14.755 -15.370 -15.864 -16.208 -16.325 -16.172 -15.913 -15.560 
3.23232 -13.642 -14.722 -15.293 -15.711 -16.135 -16.326 -16.240 -15.957 -15.510 
3.43434 -13.498 -14.447 -15.205 -15.768 -16.148 -16.274 -16.133 -15.956 -15.671 
3.63636 -13.138 -14.357 -15.094 -15.642 -16.046 -16.230 -16.159 -15.928 -15.586 
3.83838 -12.791 -14.199 -15.023 -15.618 -16.020 -16.172 -16.176 -16.042 -15.751 
4.04040 -12.594 -14.056 -14.957 -15.570 -16.002 -16.152 -16.198 -16.049 -15.720 
4.24242 -12.503 -13.801 -14.809 -15.497 -15.872 -16.041 -16.118 -16.005 -15.689 
4.44444 -11.934 -13.693 -14.670 -15.435 -15.833 -16.066 -16.116 -16.006 -15.772 
4.64646 -11.907 -13.528 -14.569 -15.334 -15.709 -15.998 -16.063 -15.980 -15.805 
4.84848 -11.707 -13.430 -14.496 -15.237 -15.734 -15.950 -15.989 -15.945 -15.751 
5.05051 -11.347 -13.141 -14.385 -15.119 -15.603 -15.866 -15.996 -15.925 -15.784 
5.25253 -11.386 -12.893 -14.138 -15.007 -15.520 -15.816 -15.969 -15.921 -15.800 
5.45455 -10.882 -12.665 -14.035 -14.919 -15.441 -15.685 -15.876 -15.844 -15.756 
5.65657 -10.539 -12.628 -13.859 -14.754 -15.410 -15.599 -15.830 -15.840 -15.685 
5.85859 -10.724 -12.383 -13.758 -14.695 -15.222 -15.497 -15.733 -15.763 -15.674 
6.06061 -10.499 -12.172 -13.685 -14.603 -15.140 -15.447 -15.648 -15.734 -15.655 
6.26263 -9.570 -11.929 -13.466 -14.471 -15.047 -15.337 -15.586 -15.656 -15.628 
6.46465 -9.057 -11.592 -13.267 -14.267 -14.918 -15.204 -15.492 -15.699 -15.640 
6.66667 -8.408 -11.578 -13.170 -14.213 -14.861 -15.063 -15.448 -15.555 -15.506 
6.86869 -8.547 -11.416 -13.053 -14.031 -14.664 -14.994 -15.389 -15.602 -15.587 
7.07071 -8.930 -11.092 -12.712 -13.923 -14.544 -14.883 -15.260 -15.450 -15.458 
7.27273 -7.869 -10.962 -12.716 -13.790 -14.353 -14.817 -15.170 -15.330 -15.476 
7.47475 -7.863 -10.593 -12.559 -13.664 -14.313 -14.737 -15.156 -15.293 -15.438 
7.67677 -7.445 -10.300 -12.299 -13.535 -14.228 -14.538 -15.021 -15.273 -15.252 
7.87879 -7.089 -10.464 -12.167 -13.396 -14.098 -14.503 -14.959 -15.210 -15.328 
8.08081 -7.024 -10.017 -12.007 -13.404 -14.053 -14.402 -14.846 -15.150 -15.288 
8.28283 -7.286 -10.081 -11.828 -13.130 -13.905 -14.374 -14.763 -15.020 -15.197 
8.48485 -6.803 -9.937 -11.813 -12.948 -13.785 -14.183 -14.681 -15.038 -15.131 
8.68687 -6.212 -9.152 -11.532 -13.005 -13.610 -14.078 -14.651 -14.988 -15.158 
8.88889 -6.786 -9.171 -11.436 -12.779 -13.563 -13.915 -14.507 -14.931 -15.100 
9.09091 -6.331 -9.360 -11.242 -12.624 -13.465 -13.800 -14.447 -14.868 -15.057 
9.29293 -5.726 -9.433 -11.097 -12.480 -13.370 -13.805 -14.373 -14.789 -14.994 
9.49495 -4.405 -8.730 -10.992 -12.358 -13.156 -13.701 -14.300 -14.694 -14.877 
9.69697 -4.155 -8.639 -10.713 -12.244 -13.034 -13.497 -14.182 -14.702 -14.788 
9.89899 -3.887 -8.220 -10.608 -12.161 -13.017 -13.415 -14.133 -14.593 -14.811 
10.10101 -4.073 -8.640 -10.438 -11.976 -12.891 -13.459 -14.017 -14.613 -14.795 
10.30303 -5.714 -8.083 -10.364 -11.971 -12.785 -13.220 -13.994 -14.469 -14.704 
10.50505 -4.120 -7.508 -10.041 -11.813 -12.659 -13.233 -13.916 -14.446 -14.725 
10.70707 -6.177 -6.917 -9.856 -11.673 -12.678 -13.086 -13.806 -14.337 -14.614 
10.90909 -3.856 -7.244 -10.194 -11.524 -12.412 -12.937 -13.754 -14.282 -14.538 
11.11111 -3.519 -7.175 -9.641 -11.416 -12.357 -12.792 -13.671 -14.298 -14.577 
11.31313 -5.152 -6.483 -9.803 -11.181 -12.329 -12.781 -13.567 -14.131 -14.468 
11.51515 -3.409 -6.949 -9.613 -11.065 -12.227 -12.631 -13.518 -14.131 -14.459 
11.71717 -4.552 -6.466 -9.322 -11.092 -12.220 -12.746 -13.452 -14.105 -14.395 
11.91919 -4.023 -5.936 -9.048 -11.052 -12.124 -12.496 -13.316 -13.997 -14.354 
12.12121 -4.049 -6.450 -8.903 -10.975 -12.062 -12.540 -13.262 -14.011 -14.241 
12.32323 -1.677 -6.308 -8.779 -10.729 -11.879 -12.309 -13.154 -13.888 -14.277 
12.52525 -3.952 -5.761 -8.739 -10.658 -11.693 -12.205 -13.104 -13.854 -14.187 
12.72727 -4.721 -6.080 -8.610 -10.397 -11.565 -12.188 -13.022 -13.748 -14.130 
12.92929 -4.642 -5.624 -8.286 -10.397 -11.425 -11.928 -13.053 -13.649 -14.173 
13.13131 -5.238 -5.119 -8.403 -10.360 -11.565 -11.969 -12.893 -13.673 -14.084 
13.33333 -3.711 -5.198 -8.430 -10.185 -11.421 -11.920 -12.788 -13.590 -13.958 
13.53535 -3.498 -5.118 -8.215 -10.048 -11.075 -11.728 -12.753 -13.586 -13.925 
13.73737 -4.586 -5.212 -7.906 -10.008 -11.238 -11.737 -12.732 -13.463 -13.930 
13.93939 -2.580 -4.175 -7.871 -9.959 -10.987 -11.565 -12.566 -13.479 -13.917 
14.14141 -4.051 -6.382 -7.542 -9.726 -10.815 -11.441 -12.510 -13.267 -13.867 
14.34343 -3.444 -5.301 -7.635 -9.713 -10.726 -11.408 -12.449 -13.244 -13.774 
14.54545 1.471 -4.129 -7.436 -9.667 -10.755 -11.376 -12.342 -13.255 -13.781 
14.74747 -2.913 -4.510 -7.468 -9.418 -10.617 -11.387 -12.296 -13.138 -13.771 
14.94949 -3.663 -4.795 -7.223 -9.287 -10.616 -11.360 -12.153 -13.052 -13.662 
15.15152 2.147 -5.007 -7.006 -9.288 -10.390 -11.165 -12.201 -13.015 -13.648 
15.35354 2.362 -4.302 -7.073 -9.264 -10.357 -11.130 -12.094 -13.074 -13.679 
15.55556 -1.311 -3.998 -6.800 -9.235 -10.157 -10.835 -11.926 -12.951 -13.507 
15.75758 2.730 -4.472 -6.925 -9.042 -10.242 -10.970 -11.919 -12.922 -13.434 
15.95960 2.874 -4.162 -6.503 -8.955 -10.195 -10.708 -11.816 -12.834 -13.427 
16.16162 2.474 -2.269 -6.169 -8.906 -9.925 -10.613 -11.797 -12.727 -13.392 
16.36364 2.905 -5.039 -6.465 -8.746 -9.797 -10.541 -11.769 -12.690 -13.304 
16.56566 -1.184 -2.410 -6.367 -8.547 -9.780 -10.390 -11.747 -12.582 -13.323 
16.76768 0.832 -3.272 -6.048 -8.361 -9.926 -10.393 -11.718 -12.544 -13.352 
16.96970 2.842 -4.664 -5.985 -8.398 -9.563 -10.282 -11.511 -12.484 -13.172 
17.17172 3.726 -4.373 -5.953 -8.384 -9.597 -10.270 -11.443 -12.446 -13.171 
17.37374 -3.855 -3.335 -6.632 -8.284 -9.683 -10.166 -11.421 -12.394 -13.121 
17.57576 -2.563 -3.265 -6.203 -7.991 -9.462 -10.038 -11.324 -12.390 -13.047 
17.77778 -3.489 -1.203 -5.559 -8.420 -9.275 -9.959 -11.228 -12.349 -13.004 
17.97980 -3.077 -4.002 -5.470 -7.987 -9.328 -10.005 -11.040 -12.305 -12.958 
18.18182 4.160 -1.271 -5.757 -7.903 -9.222 -9.837 -11.078 -12.124 -12.929 
18.38384 -3.702 -3.637 -5.519 -7.763 -9.024 -9.737 -10.958 -12.064 -12.910 
18.58586 -1.938 -2.817 -5.855 -7.567 -8.991 -9.732 -10.910 -12.030 -12.833 
18.78788 -1.285 -4.014 -5.228 -7.584 -8.834 -9.656 -10.804 -12.014 -12.759 
18.98990 -2.234 -3.034 -4.979 -7.342 -8.816 -9.625 -10.805 -11.873 -12.734 
19.19192 -2.881 -1.689 -4.783 -7.339 -8.707 -9.425 -10.763 -11.889 -12.646 
19.39394 1.235 -3.309 -5.073 -7.255 -8.559 -9.325 -10.733 -11.750 -12.624 
19.59596 -2.523 -0.072 -4.800 -7.880 -8.671 -9.294 -10.504 -11.779 -12.533 
19.79798 4.036 -2.473 -4.437 -7.130 -8.477 -9.199 -10.499 -11.687 -12.498 
20.00000 -2.228 -2.506 -4.296 -6.861 -8.143 -9.029 -10.478 -11.507 -12.434 
