# t[days] u g r i z y J H K
0.20202 100.851 96.442 nan nan nan nan nan nan nan 
0.40404 -13.318 -12.097 -12.782 -13.459 -12.520 -12.812 -13.742 -10.229 -9.788 
0.60606 -14.214 -14.147 -13.893 -14.444 -14.759 -14.216 -15.265 -14.228 -10.966 
0.80808 -14.120 -14.150 -14.203 -14.676 -14.632 -14.868 -14.631 -14.657 -15.241 
1.01010 -14.716 -14.786 -15.093 -15.244 -15.408 -15.235 -15.540 -14.464 -14.717 
1.21212 -14.489 -14.930 -15.075 -15.422 -15.638 -15.649 -15.459 -15.040 -14.341 
1.41414 -14.434 -14.807 -15.059 -15.502 -15.880 -16.020 -15.756 -15.391 -14.833 
1.61616 -14.432 -14.962 -15.114 -15.493 -15.817 -15.999 -15.777 -15.245 -15.371 
1.81818 -13.924 -14.580 -15.123 -15.553 -15.850 -15.775 -15.728 -15.523 -15.161 
2.02020 -13.798 -14.453 -14.995 -15.472 -15.723 -15.822 -15.717 -15.410 -15.226 
2.22222 -13.973 -14.569 -14.949 -15.478 -15.719 -15.893 -15.702 -15.634 -15.062 
2.42424 -13.478 -14.257 -14.872 -15.381 -15.758 -15.744 -15.753 -15.318 -15.206 
2.62626 -13.588 -14.187 -14.681 -15.249 -15.623 -15.841 -15.649 -15.678 -15.467 
2.82828 -13.143 -14.056 -14.657 -15.093 -15.528 -15.689 -15.642 -15.416 -15.159 
3.03030 -13.048 -13.810 -14.507 -15.183 -15.484 -15.738 -15.664 -15.454 -15.204 
3.23232 -12.723 -13.660 -14.466 -14.956 -15.293 -15.514 -15.603 -15.409 -15.187 
3.43434 -12.854 -13.646 -14.336 -15.014 -15.326 -15.519 -15.570 -15.399 -15.279 
3.63636 -12.770 -13.632 -14.432 -14.861 -15.312 -15.501 -15.598 -15.382 -15.223 
3.83838 -12.569 -13.550 -14.255 -14.960 -15.288 -15.500 -15.511 -15.436 -15.251 
4.04040 -12.078 -13.287 -14.025 -14.659 -15.214 -15.402 -15.361 -15.341 -15.336 
4.24242 -12.097 -13.145 -13.940 -14.608 -15.019 -15.313 -15.408 -15.347 -15.220 
4.44444 -11.385 -12.946 -13.856 -14.469 -14.873 -15.242 -15.349 -15.256 -15.090 
4.64646 -11.431 -12.803 -13.751 -14.434 -14.850 -15.149 -15.206 -15.284 -15.136 
4.84848 -11.849 -12.689 -13.802 -14.303 -14.832 -15.082 -15.130 -15.211 -15.191 
5.05051 -10.381 -12.386 -13.410 -14.153 -14.677 -15.074 -15.148 -15.280 -15.160 
5.25253 -10.136 -12.259 -13.279 -14.195 -14.621 -14.955 -15.126 -15.155 -15.165 
5.45455 -10.031 -12.113 -13.389 -14.084 -14.644 -14.949 -15.103 -15.277 -15.053 
5.65657 -10.084 -11.841 -13.116 -14.002 -14.497 -14.749 -15.086 -15.182 -15.073 
5.85859 -9.625 -11.821 -13.017 -13.806 -14.319 -14.657 -14.953 -15.094 -15.073 
6.06061 -9.334 -11.435 -12.961 -13.824 -14.377 -14.672 -14.882 -15.010 -15.026 
6.26263 -9.110 -11.233 -12.685 -13.693 -14.204 -14.528 -14.876 -15.033 -15.101 
6.46465 -8.837 -11.177 -12.665 -13.654 -14.112 -14.464 -14.788 -14.918 -14.954 
6.66667 -8.856 -10.996 -12.391 -13.496 -14.100 -14.366 -14.725 -14.936 -15.061 
6.86869 -8.470 -10.905 -12.484 -13.442 -13.946 -14.384 -14.586 -14.901 -14.947 
7.07071 -8.668 -10.801 -12.355 -13.125 -13.836 -14.241 -14.556 -14.801 -14.723 
7.27273 -8.008 -10.303 -11.904 -13.058 -13.765 -14.036 -14.513 -14.711 -14.818 
7.47475 -8.242 -10.433 -11.932 -13.146 -13.590 -13.977 -14.390 -14.623 -14.913 
7.67677 -7.744 -10.178 -11.674 -12.824 -13.528 -13.977 -14.330 -14.545 -14.744 
7.87879 -7.416 -9.749 -11.703 -12.700 -13.496 -13.848 -14.254 -14.618 -14.640 
8.08081 -7.089 -9.838 -11.276 -12.559 -13.350 -13.878 -14.206 -14.417 -14.625 
8.28283 -7.345 -9.452 -11.089 -12.586 -13.238 -13.622 -14.146 -14.398 -14.583 
8.48485 -6.831 -9.536 -11.170 -12.474 -13.249 -13.562 -14.081 -14.402 -14.602 
8.68687 -6.579 -9.211 -10.864 -12.308 -13.080 -13.515 -14.034 -14.378 -14.539 
8.88889 -6.760 -8.751 -10.840 -12.203 -12.913 -13.336 -13.828 -14.233 -14.483 
9.09091 -6.279 -8.708 -10.742 -12.035 -12.918 -13.334 -13.826 -14.219 -14.498 
9.29293 -8.392 -8.736 -10.564 -12.116 -12.785 -13.193 -13.713 -14.093 -14.322 
9.49495 -5.952 -8.510 -10.267 -11.935 -12.664 -13.055 -13.657 -14.106 -14.261 
9.69697 -5.417 -7.843 -10.198 -11.681 -12.543 -13.049 -13.558 -14.076 -14.315 
9.89899 -5.081 -7.987 -10.173 -11.671 -12.491 -12.959 -13.538 -14.064 -14.238 
10.10101 -5.409 -7.836 -9.921 -11.450 -12.371 -12.865 -13.494 -13.943 -14.159 
10.30303 -4.898 -7.565 -9.890 -11.393 -12.283 -12.707 -13.428 -13.815 -14.218 
10.50505 -5.119 -7.346 -9.815 -11.420 -12.323 -12.677 -13.301 -13.839 -14.139 
10.70707 -4.864 -6.885 -10.110 -11.180 -12.138 -12.581 -13.280 -13.727 -14.075 
10.90909 -4.870 -7.554 -9.674 -11.309 -12.030 -12.560 -13.219 -13.764 -14.101 
11.11111 -4.832 -7.839 -9.438 -11.138 -11.811 -12.542 -13.080 -13.527 -13.932 
11.31313 -7.119 -7.285 -9.087 -10.850 -12.017 -12.441 -12.963 -13.609 -14.008 
11.51515 -4.962 -6.667 -9.114 -10.958 -11.765 -12.368 -12.873 -13.549 -13.878 
11.71717 -5.085 -6.423 -9.247 -10.541 -11.777 -12.261 -12.881 -13.481 -13.844 
11.91919 -3.721 -6.561 -8.812 -10.553 -11.550 -12.068 -12.798 -13.466 -13.750 
12.12121 -3.330 -6.692 -8.848 -10.251 -11.520 -12.012 -12.735 -13.376 -13.680 
12.32323 -3.222 -6.025 -9.175 -10.193 -11.332 -11.942 -12.689 -13.298 -13.747 
12.52525 -4.157 -5.938 -8.714 -10.352 -11.279 -11.869 -12.662 -13.212 -13.613 
12.72727 -5.415 -5.891 -8.270 -10.135 -11.354 -11.790 -12.526 -13.215 -13.651 
12.92929 -2.701 -5.942 -8.214 -10.183 -11.172 -11.704 -12.530 -13.085 -13.570 
13.13131 -4.484 -5.360 -8.040 -10.352 -11.274 -11.774 -12.478 -13.106 -13.505 
13.33333 -2.456 -4.820 -7.721 -9.762 -10.977 -11.784 -12.438 -13.014 -13.324 
13.53535 -4.926 -5.275 -7.868 -9.909 -10.841 -11.519 -12.344 -12.944 -13.381 
13.73737 -3.817 -4.810 -7.745 -9.685 -10.913 -11.423 -12.270 -12.945 -13.390 
13.93939 -3.077 -5.251 -7.484 -9.896 -10.737 -11.358 -12.243 -12.971 -13.338 
14.14141 -4.080 -4.812 -7.624 -9.433 -10.556 -11.386 -12.103 -12.805 -13.285 
14.34343 -1.883 -4.322 -7.421 -9.354 -10.716 -11.282 -12.116 -12.763 -13.233 
14.54545 -3.203 -4.280 -7.235 -9.285 -10.483 -11.221 -12.078 -12.741 -13.213 
14.74747 -4.207 -4.585 -7.192 -9.719 -10.413 -11.221 -11.970 -12.766 -13.303 
14.94949 -1.587 -4.378 -7.049 -9.201 -10.456 -11.110 -11.886 -12.631 -13.136 
15.15152 -1.542 -4.367 -6.944 -9.325 -10.668 -11.132 -11.916 -12.592 -13.103 
15.35354 -2.111 -3.963 -7.060 -9.051 -10.351 -11.089 -11.840 -12.597 -13.097 
15.55556 -4.335 -3.592 -7.010 -8.876 -10.199 -10.938 -11.865 -12.465 -13.103 
15.75758 -1.290 -3.715 -7.043 -8.765 -10.212 -11.015 -11.747 -12.451 -13.018 
15.95960 -4.095 -3.792 -6.678 -8.800 -10.221 -11.040 -11.775 -12.471 -13.112 
16.16162 -1.030 -4.185 -6.476 -8.818 -10.038 -10.876 -11.629 -12.409 -12.947 
16.36364 -0.968 -3.545 -6.328 -8.592 -9.997 -10.779 -11.542 -12.377 -12.938 
16.56566 -4.014 -3.387 -6.833 -8.656 -9.988 -10.598 -11.502 -12.437 -12.871 
16.76768 -3.068 -4.326 -6.115 -8.981 -10.065 -10.737 -11.564 -12.306 -12.817 
16.96970 -0.903 -3.833 -6.150 -8.527 -9.873 -10.621 -11.490 -12.256 -12.858 
17.17172 -0.777 -3.586 -6.119 -8.515 -9.780 -10.519 -11.414 -12.186 -12.738 
17.37374 -0.361 -3.724 -5.930 -8.386 -9.751 -10.479 -11.454 -12.308 -12.735 
17.57576 -1.455 -4.317 -5.707 -8.359 -9.767 -10.523 -11.344 -12.173 -12.693 
17.77778 -0.400 -3.606 -5.597 -8.217 -9.687 -10.544 -11.407 -12.091 -12.616 
17.97980 0.039 -2.408 -5.979 -7.976 -9.595 -10.447 -11.238 -12.085 -12.603 
18.18182 -1.269 -2.555 -5.573 -7.921 -9.552 -10.536 -11.178 -12.027 -12.614 
18.38384 -0.979 -2.833 -5.777 -8.074 -9.466 -10.279 -11.166 -11.881 -12.567 
18.58586 -2.837 -2.267 -5.533 -7.957 -9.392 -10.298 -11.229 -11.888 -12.454 
18.78788 0.519 -2.515 -5.648 -7.805 -9.343 -10.234 -11.100 -11.845 -12.461 
18.98990 -4.991 -2.816 -5.585 -7.985 -9.296 -9.956 -11.051 -11.831 -12.429 
19.19192 -3.063 -3.627 -4.978 -7.709 -9.282 -10.168 -11.002 -11.867 -12.372 
19.39394 0.717 -2.141 -4.828 -7.789 -9.437 -10.011 -10.924 -11.788 -12.392 
19.59596 1.098 -1.790 -4.698 -7.787 -9.118 -10.011 -10.872 -11.745 -12.261 
19.79798 -1.931 -2.145 -4.891 -7.451 -9.064 -9.769 -10.802 -11.614 -12.274 
20.00000 -0.371 -2.971 -4.736 -7.405 -8.920 -9.810 -10.717 -11.557 -12.214 
