# t[days] u g r i z y J H K
0.20202 -11.119 -12.254 -12.534 -12.605 -11.799 -11.974 -11.779 -11.781 -10.653 
0.40404 -12.432 -13.440 -13.980 -13.896 -14.260 -14.247 -13.431 -13.287 -12.498 
0.60606 -12.158 -13.588 -14.448 -14.725 -14.772 -14.733 -14.201 -14.009 -13.669 
0.80808 -11.814 -13.432 -14.490 -14.904 -15.017 -14.944 -14.576 -14.384 -14.011 
1.01010 -11.067 -12.892 -14.178 -14.890 -15.149 -14.967 -14.819 -14.654 -14.386 
1.21212 -10.517 -12.443 -13.921 -14.789 -15.147 -15.194 -14.870 -14.841 -14.226 
1.41414 -10.260 -12.049 -13.556 -14.640 -15.134 -15.026 -14.989 -14.650 -14.431 
1.61616 -9.940 -11.771 -13.432 -14.440 -14.845 -14.900 -14.856 -14.744 -14.600 
1.81818 -9.617 -11.367 -13.136 -14.247 -14.726 -14.833 -14.757 -14.738 -14.390 
2.02020 -9.349 -11.116 -12.919 -14.043 -14.505 -14.636 -14.540 -14.562 -14.428 
2.22222 -9.036 -10.970 -12.691 -13.764 -14.380 -14.463 -14.437 -14.316 -14.191 
2.42424 -8.709 -10.646 -12.483 -13.620 -14.132 -14.241 -14.225 -14.251 -14.174 
2.62626 -8.440 -10.440 -12.299 -13.365 -13.868 -13.942 -14.008 -14.029 -13.890 
2.82828 -8.293 -10.380 -12.110 -13.154 -13.770 -13.761 -13.872 -13.870 -13.769 
3.03030 -8.021 -10.155 -11.855 -12.958 -13.467 -13.662 -13.649 -13.666 -13.846 
3.23232 -7.624 -10.099 -11.715 -12.816 -13.323 -13.495 -13.493 -13.499 -13.602 
3.43434 -7.472 -9.927 -11.589 -12.683 -13.158 -13.295 -13.285 -13.353 -13.524 
3.63636 -7.310 -9.731 -11.430 -12.433 -12.967 -13.064 -13.091 -13.228 -13.262 
3.83838 -7.152 -9.532 -11.220 -12.271 -12.837 -12.966 -12.974 -12.984 -13.158 
4.04040 -6.797 -9.352 -11.097 -12.170 -12.653 -12.825 -12.807 -12.861 -12.926 
4.24242 -6.451 -9.276 -11.002 -12.033 -12.478 -12.589 -12.701 -12.706 -12.854 
4.44444 -6.304 -9.098 -10.739 -11.839 -12.382 -12.499 -12.505 -12.628 -12.641 
4.64646 -6.189 -8.906 -10.715 -11.794 -12.225 -12.374 -12.367 -12.530 -12.600 
4.84848 -5.756 -8.749 -10.592 -11.656 -12.204 -12.262 -12.292 -12.297 -12.475 
5.05051 -5.571 -8.618 -10.467 -11.496 -12.071 -12.207 -12.231 -12.317 -12.299 
5.25253 -5.167 -8.408 -10.324 -11.407 -11.974 -12.145 -12.102 -12.209 -12.204 
5.45455 -5.053 -8.335 -10.192 -11.315 -11.870 -11.989 -12.103 -12.137 -12.243 
5.65657 -4.750 -8.217 -10.104 -11.235 -11.741 -11.935 -12.052 -12.112 -12.100 
5.85859 -4.420 -8.042 -10.010 -11.195 -11.744 -11.903 -12.005 -12.005 -12.080 
6.06061 -4.519 -7.827 -9.891 -11.072 -11.620 -11.801 -11.933 -11.960 -11.908 
6.26263 -4.155 -7.682 -9.779 -10.939 -11.526 -11.745 -11.840 -11.937 -11.943 
6.46465 -3.887 -7.506 -9.632 -10.854 -11.430 -11.609 -11.719 -11.844 -11.811 
6.66667 -3.682 -7.358 -9.533 -10.814 -11.366 -11.552 -11.741 -11.808 -11.773 
6.86869 -3.508 -7.225 -9.457 -10.737 -11.354 -11.481 -11.672 -11.769 -11.748 
7.07071 -2.700 -6.993 -9.290 -10.613 -11.218 -11.435 -11.620 -11.713 -11.719 
7.27273 -2.996 -6.891 -9.118 -10.477 -11.162 -11.287 -11.543 -11.689 -11.658 
7.47475 -2.136 -6.644 -9.084 -10.420 -11.060 -11.323 -11.506 -11.633 -11.598 
7.67677 -2.454 -6.582 -9.082 -10.335 -10.992 -11.200 -11.471 -11.591 -11.645 
7.87879 -2.098 -6.441 -8.851 -10.221 -10.864 -11.129 -11.377 -11.538 -11.579 
8.08081 -1.832 -6.400 -8.722 -10.148 -10.792 -11.089 -11.325 -11.511 -11.529 
8.28283 -1.142 -6.113 -8.600 -10.024 -10.622 -10.959 -11.201 -11.430 -11.434 
8.48485 -1.120 -5.764 -8.450 -9.918 -10.604 -10.870 -11.145 -11.372 -11.422 
8.68687 -0.962 -5.783 -8.350 -9.897 -10.541 -10.805 -11.094 -11.317 -11.392 
8.88889 -0.772 -5.526 -8.185 -9.695 -10.448 -10.710 -11.000 -11.277 -11.406 
9.09091 -1.215 -5.329 -8.009 -9.606 -10.347 -10.622 -11.003 -11.213 -11.325 
9.29293 -0.230 -5.355 -7.931 -9.484 -10.202 -10.497 -10.868 -11.171 -11.253 
9.49495 -0.079 -5.107 -7.840 -9.382 -10.130 -10.423 -10.813 -11.174 -11.227 
9.69697 0.393 -5.107 -7.759 -9.289 -10.059 -10.349 -10.782 -11.079 -11.120 
9.89899 0.745 -4.750 -7.696 -9.235 -9.997 -10.201 -10.659 -11.037 -11.161 
10.10101 0.952 -4.484 -7.496 -9.124 -9.886 -10.215 -10.683 -11.029 -11.132 
10.30303 0.260 -4.524 -7.420 -9.011 -9.799 -10.090 -10.535 -10.930 -11.123 
10.50505 1.272 -4.358 -7.319 -8.916 -9.747 -10.048 -10.505 -10.946 -11.014 
10.70707 2.246 -4.019 -7.107 -8.798 -9.599 -9.925 -10.427 -10.865 -11.033 
10.90909 0.914 -3.920 -7.028 -8.714 -9.515 -9.853 -10.432 -10.772 -10.969 
11.11111 2.172 -3.996 -6.979 -8.648 -9.462 -9.711 -10.343 -10.717 -10.983 
11.31313 2.422 -3.774 -6.804 -8.501 -9.328 -9.668 -10.263 -10.681 -10.991 
11.51515 2.508 -3.497 -6.853 -8.507 -9.263 -9.569 -10.238 -10.699 -10.849 
11.71717 2.201 -3.666 -6.675 -8.363 -9.200 -9.568 -10.154 -10.651 -10.890 
11.91919 3.507 -3.515 -6.495 -8.273 -9.186 -9.406 -10.079 -10.542 -10.766 
12.12121 1.851 -3.240 -6.388 -8.161 -8.961 -9.335 -10.021 -10.505 -10.819 
12.32323 3.698 -3.146 -6.397 -8.066 -8.949 -9.331 -9.959 -10.493 -10.782 
12.52525 3.300 -3.269 -6.245 -8.018 -8.871 -9.271 -9.917 -10.435 -10.697 
12.72727 3.300 -3.155 -6.108 -7.907 -8.891 -9.174 -9.909 -10.383 -10.743 
12.92929 3.816 -2.854 -6.026 -7.827 -8.821 -9.120 -9.807 -10.374 -10.705 
13.13131 4.245 -2.620 -5.872 -7.846 -8.590 -9.016 -9.753 -10.304 -10.697 
13.33333 1.910 -2.345 -5.735 -7.662 -8.534 -8.891 -9.641 -10.262 -10.605 
13.53535 4.714 -2.611 -5.714 -7.600 -8.451 -8.808 -9.632 -10.258 -10.624 
13.73737 3.610 -2.357 -5.664 -7.523 -8.472 -8.840 -9.507 -10.227 -10.547 
13.93939 4.473 -2.139 -5.710 -7.567 -8.389 -8.796 -9.468 -10.166 -10.520 
14.14141 4.787 -2.152 -5.564 -7.391 -8.254 -8.682 -9.433 -10.102 -10.516 
14.34343 5.706 -1.949 -5.338 -7.259 -8.191 -8.625 -9.461 -10.102 -10.526 
14.54545 5.411 -1.808 -5.312 -7.202 -8.137 -8.621 -9.310 -10.015 -10.451 
14.74747 5.261 -2.062 -5.203 -7.043 -8.068 -8.444 -9.236 -9.973 -10.364 
14.94949 5.485 -1.474 -5.080 -6.992 -7.955 -8.396 -9.238 -9.924 -10.335 
15.15152 3.578 -1.903 -5.014 -6.933 -7.852 -8.338 -9.195 -9.938 -10.343 
15.35354 3.413 -1.534 -4.922 -6.937 -7.860 -8.259 -9.151 -9.852 -10.356 
15.55556 5.766 -1.107 -4.848 -6.750 -7.745 -8.226 -9.116 -9.805 -10.318 
15.75758 3.839 -0.915 -4.733 -6.675 -7.681 -8.161 -9.023 -9.798 -10.284 
15.95960 6.347 -1.201 -4.569 -6.625 -7.580 -8.012 -8.962 -9.764 -10.234 
16.16162 7.315 -1.113 -4.394 -6.508 -7.498 -7.856 -8.887 -9.749 -10.229 
16.36364 5.146 -0.927 -4.658 -6.527 -7.400 -7.886 -8.800 -9.684 -10.201 
16.56566 4.457 -1.099 -4.439 -6.297 -7.356 -7.779 -8.762 -9.651 -10.125 
16.76768 5.921 -0.523 -4.215 -6.216 -7.303 -7.814 -8.724 -9.644 -10.143 
16.96970 6.163 -0.420 -4.231 -6.173 -7.251 -7.599 -8.730 -9.516 -10.138 
17.17172 8.100 0.036 -4.224 -6.060 -7.256 -7.711 -8.643 -9.514 -10.049 
17.37374 6.497 -0.815 -3.839 -6.012 -7.025 -7.396 -8.635 -9.444 -10.013 
17.57576 8.189 0.036 -3.710 -6.059 -7.074 -7.545 -8.538 -9.435 -10.029 
17.77778 5.558 -0.681 -3.885 -5.873 -6.980 -7.576 -8.513 -9.388 -10.025 
17.97980 9.824 -0.383 -3.799 -5.912 -6.780 -7.364 -8.456 -9.364 -9.928 
18.18182 9.048 -0.144 -3.532 -5.771 -6.769 -7.325 -8.329 -9.305 -9.879 
18.38384 6.579 0.911 -3.617 -5.597 -6.744 -7.148 -8.205 -9.289 -9.931 
18.58586 9.106 -0.279 -3.652 -5.576 -6.597 -7.111 -8.273 -9.287 -9.873 
18.78788 8.668 0.357 -3.393 -5.346 -6.493 -6.999 -8.069 -9.147 -9.819 
18.98990 5.383 0.259 -3.212 -5.369 -6.498 -7.042 -8.077 -9.149 -9.766 
19.19192 6.425 0.551 -3.137 -5.220 -6.397 -6.920 -8.175 -9.105 -9.762 
19.39394 7.233 -0.017 -3.045 -5.228 -6.286 -6.792 -8.024 -9.046 -9.715 
19.59596 8.428 0.180 -3.112 -5.277 -6.263 -6.935 -7.935 -9.000 -9.603 
19.79798 7.465 0.762 -2.939 -4.977 -6.029 -6.670 -7.780 -8.812 -9.464 
20.00000 9.357 1.920 -2.936 -4.637 -5.937 -6.388 -7.571 -8.634 -9.352 
