# t[days] u g r i z y J H K
0.20202 -11.020 -11.015 -13.129 -12.480 -8.040 -9.559 -8.193 -6.429 -5.522 
0.40404 -14.393 -14.151 -14.216 -14.128 -14.970 -13.697 -12.763 -14.162 -13.056 
0.60606 -14.763 -15.419 -15.762 -15.289 -15.240 -14.916 -15.026 -14.437 -13.426 
0.80808 -14.974 -15.776 -16.097 -16.103 -16.050 -15.865 -15.882 -15.496 -15.016 
1.01010 -14.735 -15.862 -16.274 -16.461 -16.465 -16.328 -15.989 -15.614 -15.295 
1.21212 -14.238 -15.873 -16.285 -16.479 -16.484 -16.575 -16.371 -16.149 -15.906 
1.41414 -14.380 -15.731 -16.194 -16.476 -16.474 -16.625 -16.492 -16.367 -15.909 
1.61616 -13.828 -15.468 -16.093 -16.456 -16.823 -16.771 -16.566 -16.640 -16.158 
1.81818 -13.063 -15.276 -16.000 -16.376 -16.670 -16.886 -16.742 -16.393 -16.272 
2.02020 -13.058 -14.967 -15.895 -16.467 -16.729 -16.653 -16.698 -16.674 -16.281 
2.22222 -12.667 -14.855 -15.591 -16.153 -16.506 -16.634 -16.629 -16.654 -16.395 
2.42424 -12.364 -14.389 -15.328 -15.843 -16.317 -16.439 -16.468 -16.380 -16.359 
2.62626 -12.164 -14.089 -15.095 -15.808 -16.293 -16.369 -16.409 -16.348 -16.231 
2.82828 -11.711 -13.918 -14.905 -15.572 -16.052 -16.290 -16.391 -16.369 -16.184 
3.03030 -11.780 -13.826 -14.803 -15.420 -15.973 -16.160 -16.338 -16.320 -16.271 
3.23232 -11.647 -13.707 -14.548 -15.321 -15.793 -16.124 -16.256 -16.112 -16.137 
3.43434 -11.528 -13.169 -14.189 -15.078 -15.647 -15.952 -16.061 -16.071 -16.220 
3.63636 -11.403 -13.083 -14.174 -15.010 -15.582 -15.790 -15.902 -16.023 -15.989 
3.83838 -10.915 -13.129 -13.989 -14.878 -15.436 -15.743 -15.846 -16.119 -15.946 
4.04040 -10.973 -12.643 -13.905 -14.722 -15.346 -15.698 -15.857 -15.893 -15.910 
4.24242 -10.831 -12.750 -13.793 -14.605 -15.236 -15.586 -15.730 -15.852 -15.889 
4.44444 -10.789 -12.577 -13.698 -14.454 -15.140 -15.427 -15.674 -15.767 -15.860 
4.64646 -10.171 -12.203 -13.430 -14.401 -15.038 -15.339 -15.591 -15.741 -15.810 
4.84848 -10.754 -12.264 -13.302 -14.249 -14.924 -15.319 -15.451 -15.628 -15.750 
5.05051 -10.533 -12.231 -13.405 -14.284 -14.871 -15.255 -15.395 -15.441 -15.713 
5.25253 -9.931 -11.682 -13.085 -14.018 -14.742 -15.072 -15.262 -15.405 -15.550 
5.45455 -9.733 -11.693 -12.888 -13.983 -14.642 -15.000 -15.148 -15.347 -15.487 
5.65657 -9.742 -11.725 -12.900 -13.875 -14.533 -14.815 -15.107 -15.282 -15.355 
5.85859 -9.354 -11.266 -12.767 -13.702 -14.327 -14.785 -15.076 -15.195 -15.381 
6.06061 -9.404 -11.409 -12.732 -13.621 -14.433 -14.614 -14.944 -15.231 -15.278 
6.26263 -9.087 -11.360 -12.554 -13.593 -14.311 -14.617 -14.920 -15.117 -15.214 
6.46465 -8.999 -10.941 -12.405 -13.496 -14.188 -14.506 -14.858 -15.072 -15.159 
6.66667 -8.950 -11.119 -12.427 -13.343 -14.019 -14.433 -14.734 -14.926 -15.066 
6.86869 -8.634 -10.871 -12.165 -13.290 -14.018 -14.371 -14.666 -14.901 -14.942 
7.07071 -8.577 -10.654 -12.275 -13.211 -13.997 -14.315 -14.497 -14.897 -15.000 
7.27273 -8.212 -10.633 -12.085 -13.217 -13.897 -14.271 -14.526 -14.633 -14.868 
7.47475 -8.453 -10.489 -12.090 -13.070 -13.763 -14.220 -14.422 -14.728 -14.922 
7.67677 -8.119 -10.379 -11.777 -12.902 -13.732 -14.110 -14.378 -14.627 -14.861 
7.87879 -8.282 -10.087 -11.776 -12.860 -13.590 -13.994 -14.271 -14.523 -14.745 
8.08081 -7.737 -9.996 -11.674 -12.802 -13.626 -14.007 -14.190 -14.442 -14.729 
8.28283 -7.735 -9.812 -11.631 -12.774 -13.473 -13.874 -14.077 -14.381 -14.604 
8.48485 -7.454 -10.052 -11.445 -12.682 -13.417 -13.810 -14.031 -14.332 -14.497 
8.68687 -7.265 -9.545 -11.504 -12.594 -13.326 -13.699 -13.971 -14.198 -14.383 
8.88889 -6.977 -9.532 -11.391 -12.505 -13.285 -13.647 -13.963 -14.145 -14.493 
9.09091 -6.629 -9.468 -11.416 -12.382 -13.161 -13.647 -13.838 -14.157 -14.297 
9.29293 -6.573 -9.273 -10.911 -12.261 -13.107 -13.452 -13.793 -14.037 -14.217 
9.49495 -6.569 -9.241 -11.022 -12.147 -13.023 -13.434 -13.762 -13.999 -14.245 
9.69697 -6.634 -8.894 -10.846 -12.142 -12.959 -13.413 -13.647 -13.982 -14.172 
9.89899 -6.153 -8.770 -10.784 -12.056 -12.883 -13.336 -13.586 -13.853 -14.129 
10.10101 -5.778 -8.529 -10.687 -11.936 -12.788 -13.297 -13.551 -13.758 -14.070 
10.30303 -5.518 -8.364 -10.614 -11.815 -12.686 -13.175 -13.469 -13.707 -13.999 
10.50505 -5.904 -8.387 -10.338 -11.745 -12.699 -13.059 -13.366 -13.713 -13.925 
10.70707 -5.572 -8.369 -10.258 -11.701 -12.582 -13.029 -13.319 -13.595 -13.879 
10.90909 -5.226 -8.411 -10.263 -11.668 -12.520 -13.063 -13.282 -13.563 -13.757 
11.11111 -5.018 -8.366 -10.107 -11.629 -12.436 -12.851 -13.222 -13.493 -13.752 
11.31313 -5.367 -8.000 -9.981 -11.443 -12.369 -12.848 -13.169 -13.432 -13.666 
11.51515 -5.078 -7.686 -9.861 -11.370 -12.226 -12.776 -13.150 -13.388 -13.629 
11.71717 -4.643 -7.509 -9.830 -11.351 -12.191 -12.786 -13.074 -13.347 -13.512 
11.91919 -4.299 -7.458 -9.725 -11.229 -12.118 -12.671 -13.049 -13.331 -13.490 
12.12121 -4.119 -7.333 -9.636 -11.195 -12.163 -12.623 -12.964 -13.284 -13.433 
12.32323 -4.275 -7.375 -9.602 -11.063 -12.117 -12.490 -12.898 -13.228 -13.385 
12.52525 -4.276 -7.099 -9.405 -11.159 -12.010 -12.456 -12.903 -13.166 -13.353 
12.72727 -3.940 -7.191 -9.256 -10.909 -11.959 -12.362 -12.817 -13.119 -13.352 
12.92929 -3.705 -6.758 -9.202 -10.822 -11.834 -12.282 -12.819 -13.122 -13.364 
13.13131 -3.836 -6.651 -9.089 -10.793 -11.824 -12.329 -12.800 -13.088 -13.267 
13.33333 -3.540 -6.599 -9.021 -10.665 -11.708 -12.241 -12.775 -13.049 -13.240 
13.53535 -3.502 -6.526 -8.964 -10.650 -11.629 -12.217 -12.710 -13.019 -13.226 
13.73737 -3.629 -6.397 -9.041 -10.596 -11.617 -12.121 -12.673 -12.961 -13.117 
13.93939 -2.981 -6.294 -8.790 -10.520 -11.479 -12.107 -12.537 -12.884 -13.140 
14.14141 -2.909 -6.347 -8.648 -10.410 -11.503 -12.019 -12.589 -12.852 -13.050 
14.34343 -2.834 -6.113 -8.636 -10.369 -11.376 -11.948 -12.523 -12.809 -12.975 
14.54545 -2.765 -5.758 -8.305 -10.278 -11.332 -11.907 -12.460 -12.816 -13.026 
14.74747 -2.665 -5.704 -8.239 -10.238 -11.289 -11.875 -12.477 -12.765 -13.005 
14.94949 -2.960 -5.355 -8.360 -10.274 -11.305 -11.910 -12.407 -12.764 -12.950 
15.15152 -2.204 -5.693 -8.059 -10.083 -11.232 -11.868 -12.386 -12.735 -12.907 
15.35354 -2.007 -5.267 -8.151 -9.911 -11.148 -11.825 -12.332 -12.626 -12.876 
15.55556 -1.843 -5.138 -8.033 -9.961 -11.157 -11.719 -12.309 -12.651 -12.847 
15.75758 -1.733 -5.357 -7.961 -9.953 -11.051 -11.667 -12.317 -12.700 -12.858 
15.95960 -1.670 -5.102 -7.778 -9.886 -11.107 -11.637 -12.238 -12.577 -12.875 
16.16162 -1.597 -4.912 -7.838 -9.863 -11.041 -11.663 -12.295 -12.644 -12.820 
16.36364 -1.427 -5.090 -7.573 -9.730 -10.953 -11.571 -12.227 -12.616 -12.849 
16.56566 -1.294 -5.228 -7.746 -9.781 -10.867 -11.537 -12.154 -12.602 -12.806 
16.76768 -1.368 -4.711 -7.486 -9.488 -10.804 -11.458 -12.134 -12.589 -12.731 
16.96970 -1.171 -4.324 -7.559 -9.724 -10.751 -11.495 -12.118 -12.497 -12.776 
17.17172 -1.105 -4.069 -7.352 -9.562 -10.656 -11.380 -12.130 -12.511 -12.726 
17.37374 -1.015 -4.273 -7.636 -9.502 -10.771 -11.353 -12.060 -12.500 -12.727 
17.57576 -0.919 -4.827 -7.163 -9.310 -10.651 -11.412 -12.040 -12.480 -12.690 
17.77778 -0.890 -4.033 -7.246 -9.237 -10.629 -11.367 -12.006 -12.430 -12.670 
17.97980 -0.765 -4.283 -7.348 -9.317 -10.550 -11.279 -11.949 -12.416 -12.655 
18.18182 -0.678 -4.290 -7.340 -9.321 -10.556 -11.235 -11.953 -12.447 -12.683 
18.38384 -0.644 -4.136 -7.079 -9.221 -10.482 -11.203 -11.932 -12.383 -12.683 
18.58586 -0.645 -3.725 -6.960 -9.067 -10.380 -11.140 -11.882 -12.368 -12.690 
18.78788 -0.555 -3.859 -6.841 -9.079 -10.371 -11.101 -11.875 -12.322 -12.597 
18.98990 -0.330 -3.548 -6.543 -8.904 -10.331 -11.108 -11.814 -12.306 -12.570 
19.19192 -0.343 -3.438 -6.552 -9.003 -10.271 -11.037 -11.765 -12.372 -12.608 
19.39394 -0.207 -3.210 -6.430 -8.906 -10.257 -11.025 -11.773 -12.319 -12.619 
19.59596 -0.133 -3.050 -6.347 -8.662 -10.107 -11.015 -11.715 -12.227 -12.496 
19.79798 -0.177 -3.742 -6.212 -8.611 -10.045 -10.857 -11.641 -12.134 -12.435 
20.00000 0.051 -2.833 -6.430 -8.563 -10.022 -10.778 -11.607 -12.116 -12.421 
