# t[days] u g r i z y J H K
0.20202 -12.088 -11.651 -12.129 -11.514 -4.309 -4.770 -12.471 -13.152 -4.619 
0.40404 -13.990 -14.552 -13.951 -13.910 -13.347 -12.252 -12.723 -12.293 -4.460 
0.60606 -13.705 -14.755 -14.792 -13.905 -14.114 -13.873 -13.950 -12.822 -12.794 
0.80808 -13.820 -14.485 -14.567 -13.884 -14.414 -13.213 -13.813 -13.505 -11.678 
1.01010 -13.944 -14.673 -14.836 -14.612 -14.017 -13.950 -13.977 -13.273 -13.918 
1.21212 -13.067 -14.371 -14.574 -14.166 -14.528 -13.525 -13.656 -14.290 -12.368 
1.41414 -13.054 -14.374 -14.904 -14.955 -15.097 -14.933 -14.960 -14.294 -14.123 
1.61616 -13.493 -14.897 -15.293 -15.631 -15.754 -15.532 -15.326 -14.812 -14.753 
1.81818 -13.953 -15.208 -15.464 -15.699 -15.830 -15.896 -15.523 -15.551 -15.235 
2.02020 -14.167 -15.127 -15.709 -15.796 -16.097 -15.879 -15.868 -15.676 -15.567 
2.22222 -13.902 -14.969 -15.528 -15.777 -16.115 -15.843 -15.944 -15.747 -15.554 
2.42424 -13.908 -14.923 -15.342 -15.621 -15.997 -16.119 -15.868 -15.772 -15.864 
2.62626 -13.649 -14.626 -15.190 -15.606 -16.001 -16.203 -15.990 -15.744 -15.287 
2.82828 -13.532 -14.199 -14.990 -15.466 -15.887 -16.000 -15.861 -15.784 -15.637 
3.03030 -13.019 -14.025 -14.732 -15.249 -15.749 -15.867 -15.859 -15.548 -15.592 
3.23232 -12.977 -13.715 -14.554 -15.207 -15.685 -15.877 -15.701 -15.558 -15.373 
3.43434 -12.700 -13.598 -14.249 -15.118 -15.577 -15.745 -15.649 -15.550 -15.411 
3.63636 -12.860 -13.517 -14.276 -15.005 -15.484 -15.665 -15.542 -15.272 -15.150 
3.83838 -12.562 -13.419 -14.243 -14.876 -15.400 -15.559 -15.437 -15.312 -15.286 
4.04040 -12.487 -13.528 -14.071 -14.726 -15.241 -15.496 -15.459 -15.173 -15.127 
4.24242 -12.246 -13.157 -13.905 -14.574 -15.143 -15.340 -15.329 -15.071 -14.973 
4.44444 -12.085 -13.032 -13.862 -14.639 -14.985 -15.338 -15.252 -15.010 -14.723 
4.64646 -11.843 -12.841 -13.727 -14.370 -15.035 -15.241 -15.033 -14.855 -14.740 
4.84848 -11.587 -12.765 -13.689 -14.508 -14.804 -15.145 -14.978 -14.852 -14.494 
5.05051 -11.497 -12.675 -13.652 -14.265 -14.824 -15.088 -14.895 -14.820 -14.594 
5.25253 -11.026 -12.479 -13.398 -14.119 -14.659 -15.044 -14.831 -14.612 -14.460 
5.45455 -11.141 -12.442 -13.422 -14.180 -14.613 -14.892 -14.826 -14.592 -14.277 
5.65657 -10.843 -12.258 -13.348 -13.979 -14.574 -14.806 -14.739 -14.491 -14.148 
5.85859 -10.570 -12.467 -13.380 -13.960 -14.546 -14.787 -14.711 -14.539 -14.373 
6.06061 -10.554 -12.323 -13.276 -13.905 -14.360 -14.658 -14.613 -14.365 -14.214 
6.26263 -10.463 -11.971 -12.978 -13.803 -14.340 -14.625 -14.531 -14.419 -14.175 
6.46465 -9.969 -11.669 -12.842 -13.672 -14.229 -14.461 -14.454 -14.197 -13.991 
6.66667 -10.027 -11.580 -12.646 -13.627 -14.144 -14.425 -14.413 -14.138 -14.018 
6.86869 -9.521 -11.661 -12.757 -13.543 -14.067 -14.425 -14.424 -14.164 -13.804 
7.07071 -9.925 -11.599 -12.689 -13.335 -14.012 -14.253 -14.395 -14.083 -13.636 
7.27273 -9.063 -11.170 -12.418 -13.302 -13.866 -14.131 -14.238 -14.073 -13.868 
7.47475 -8.785 -11.051 -12.144 -13.188 -13.818 -14.182 -14.133 -14.027 -13.666 
7.67677 -8.717 -10.852 -12.246 -13.093 -13.668 -14.079 -14.153 -13.934 -13.662 
7.87879 -8.717 -10.806 -12.116 -13.102 -13.641 -14.023 -14.070 -13.945 -13.579 
8.08081 -8.519 -10.680 -12.010 -13.117 -13.609 -13.895 -14.086 -13.942 -13.757 
8.28283 -8.761 -10.588 -11.948 -13.002 -13.611 -13.911 -14.079 -13.819 -13.743 
8.48485 -7.634 -10.361 -11.790 -12.700 -13.446 -13.697 -13.922 -13.879 -13.566 
8.68687 -8.213 -10.325 -11.647 -12.697 -13.391 -13.690 -13.824 -13.772 -13.555 
8.88889 -7.209 -10.048 -11.619 -12.641 -13.274 -13.618 -13.865 -13.622 -13.625 
9.09091 -7.306 -10.177 -11.398 -12.574 -13.202 -13.500 -13.748 -13.753 -13.585 
9.29293 -7.217 -9.675 -11.264 -12.486 -13.105 -13.480 -13.611 -13.669 -13.431 
9.49495 -7.135 -9.631 -11.296 -12.311 -13.113 -13.500 -13.606 -13.661 -13.477 
9.69697 -6.701 -9.361 -11.231 -12.263 -13.044 -13.404 -13.593 -13.592 -13.289 
9.89899 -6.332 -9.233 -10.980 -12.187 -12.949 -13.275 -13.512 -13.480 -13.330 
10.10101 -6.443 -9.549 -11.031 -12.241 -12.836 -13.310 -13.457 -13.474 -13.443 
10.30303 -6.408 -9.143 -10.762 -11.957 -12.812 -13.135 -13.317 -13.382 -13.158 
10.50505 -6.527 -8.903 -10.783 -11.882 -12.719 -13.015 -13.277 -13.336 -13.193 
10.70707 -6.081 -8.670 -10.558 -11.832 -12.625 -12.979 -13.236 -13.328 -13.213 
10.90909 -5.147 -8.578 -10.389 -11.657 -12.446 -12.884 -13.172 -13.249 -13.186 
11.11111 -5.361 -8.428 -10.583 -11.594 -12.331 -12.896 -13.166 -13.206 -13.098 
11.31313 -5.353 -8.531 -10.239 -11.584 -12.299 -12.717 -13.049 -13.219 -13.216 
11.51515 -4.713 -8.321 -10.124 -11.529 -12.236 -12.738 -12.983 -13.168 -13.120 
11.71717 -4.758 -7.966 -9.963 -11.339 -12.206 -12.682 -13.002 -13.125 -13.055 
11.91919 -4.706 -7.639 -9.895 -11.350 -12.112 -12.676 -12.940 -13.053 -13.014 
12.12121 -4.739 -8.528 -9.614 -11.249 -12.066 -12.576 -12.906 -12.996 -13.049 
12.32323 -4.668 -7.602 -9.684 -11.207 -12.003 -12.483 -12.813 -12.989 -12.988 
12.52525 -4.612 -7.381 -9.558 -11.031 -11.888 -12.405 -12.787 -12.965 -12.883 
12.72727 -4.109 -7.313 -9.586 -10.952 -11.822 -12.364 -12.813 -13.009 -12.956 
12.92929 -4.071 -7.075 -9.388 -10.874 -11.784 -12.272 -12.726 -12.889 -12.887 
13.13131 -3.569 -7.224 -9.409 -10.909 -11.743 -12.267 -12.686 -12.867 -12.883 
13.33333 -4.276 -6.840 -9.255 -10.763 -11.696 -12.232 -12.736 -12.924 -12.864 
13.53535 -3.697 -6.663 -9.060 -10.651 -11.681 -12.199 -12.602 -12.851 -12.850 
13.73737 -3.355 -6.604 -8.967 -10.635 -11.762 -12.137 -12.578 -12.798 -12.865 
13.93939 -3.500 -6.553 -8.977 -10.511 -11.481 -12.121 -12.589 -12.820 -12.876 
14.14141 -2.785 -6.471 -8.890 -10.524 -11.547 -12.024 -12.546 -12.816 -12.803 
14.34343 -2.703 -6.099 -8.859 -10.364 -11.398 -11.980 -12.459 -12.738 -12.857 
14.54545 -2.593 -6.319 -8.615 -10.321 -11.390 -11.891 -12.458 -12.786 -12.827 
14.74747 -2.564 -6.035 -8.599 -10.313 -11.384 -11.814 -12.368 -12.689 -12.744 
14.94949 -3.007 -5.886 -8.511 -10.235 -11.259 -11.778 -12.387 -12.666 -12.734 
15.15152 -2.227 -5.724 -8.259 -10.207 -11.221 -11.897 -12.337 -12.637 -12.715 
15.35354 -2.281 -5.692 -8.192 -10.064 -11.185 -11.736 -12.316 -12.622 -12.695 
15.55556 -1.999 -5.998 -8.751 -9.957 -11.201 -11.746 -12.268 -12.703 -12.675 
15.75758 -1.861 -5.719 -7.812 -9.931 -11.142 -11.753 -12.280 -12.646 -12.720 
15.95960 -1.613 -5.282 -8.127 -9.890 -10.976 -11.554 -12.209 -12.626 -12.679 
16.16162 -1.494 -5.076 -7.994 -9.771 -10.956 -11.548 -12.211 -12.549 -12.715 
16.36364 -1.719 -4.977 -7.919 -9.790 -11.108 -11.595 -12.130 -12.560 -12.673 
16.56566 -1.296 -4.901 -7.552 -9.703 -10.897 -11.465 -12.139 -12.504 -12.658 
16.76768 -1.192 -4.699 -7.811 -9.680 -10.851 -11.543 -12.108 -12.524 -12.669 
16.96970 -1.201 -4.960 -7.885 -9.544 -10.805 -11.378 -12.159 -12.515 -12.627 
17.17172 -1.027 -4.810 -7.489 -9.759 -10.746 -11.347 -12.067 -12.481 -12.593 
17.37374 -1.070 -4.255 -7.498 -9.458 -10.682 -11.402 -12.047 -12.496 -12.606 
17.57576 -0.964 -4.221 -7.369 -9.325 -10.602 -11.265 -12.049 -12.545 -12.605 
17.77778 -0.810 -4.202 -7.451 -9.293 -10.596 -11.339 -12.031 -12.542 -12.573 
17.97980 -0.727 -4.238 -7.043 -9.351 -10.527 -11.269 -11.941 -12.447 -12.602 
18.18182 -1.011 -3.962 -7.152 -9.228 -10.446 -11.125 -11.905 -12.427 -12.566 
18.38384 -0.899 -4.111 -6.901 -9.103 -10.436 -11.148 -11.849 -12.345 -12.560 
18.58586 -0.531 -3.931 -6.889 -9.044 -10.372 -11.144 -11.835 -12.354 -12.556 
18.78788 -0.453 -3.931 -6.977 -9.046 -10.438 -11.055 -11.857 -12.324 -12.560 
18.98990 -0.411 -3.712 -6.625 -9.048 -10.284 -11.143 -11.800 -12.288 -12.499 
19.19192 -0.293 -3.795 -6.682 -8.943 -10.248 -11.041 -11.811 -12.269 -12.466 
19.39394 -0.181 -3.680 -6.641 -8.803 -10.172 -10.983 -11.780 -12.283 -12.456 
19.59596 -0.146 -3.456 -6.448 -8.715 -10.098 -10.873 -11.737 -12.208 -12.436 
19.79798 -0.069 -3.604 -6.356 -8.702 -10.081 -10.826 -11.590 -12.133 -12.301 
20.00000 -0.035 -2.909 -6.107 -8.409 -9.934 -10.754 -11.553 -12.039 -12.240 
