# t[days] u g r i z y J H K
0.20202 -11.376 -11.693 -11.644 -13.359 -11.658 -10.347 -6.744 -5.652 -5.046 
0.40404 -13.822 -14.519 -14.327 -14.741 -15.018 -14.132 -13.500 -12.397 -12.237 
0.60606 -14.153 -14.823 -15.378 -15.469 -15.493 -15.053 -15.110 -14.651 -13.546 
0.80808 -13.604 -14.991 -15.608 -15.920 -15.933 -15.972 -15.900 -15.084 -15.069 
1.01010 -13.759 -15.098 -15.585 -15.797 -15.884 -16.220 -15.842 -15.620 -15.713 
1.21212 -13.256 -14.853 -15.625 -16.168 -16.176 -16.306 -16.049 -15.838 -15.261 
1.41414 -12.901 -14.864 -15.478 -15.933 -16.201 -16.128 -15.986 -16.034 -15.613 
1.61616 -12.490 -14.403 -15.473 -15.858 -16.012 -16.339 -16.436 -16.328 -15.861 
1.81818 -12.403 -14.135 -15.115 -15.728 -16.076 -16.123 -16.435 -16.291 -16.365 
2.02020 -12.463 -14.409 -15.246 -15.725 -16.190 -16.499 -16.329 -16.241 -16.161 
2.22222 -11.833 -13.843 -15.159 -15.844 -16.158 -16.469 -16.522 -16.628 -16.264 
2.42424 -12.037 -14.005 -15.142 -15.780 -16.353 -16.542 -16.460 -16.381 -16.431 
2.62626 -12.188 -13.829 -14.666 -15.490 -16.242 -16.326 -16.494 -16.492 -16.307 
2.82828 -12.083 -13.670 -14.751 -15.593 -16.181 -16.389 -16.469 -16.528 -16.464 
3.03030 -11.774 -13.414 -14.530 -15.336 -15.994 -16.238 -16.400 -16.491 -16.508 
3.23232 -11.804 -13.363 -14.437 -15.311 -15.922 -16.076 -16.311 -16.399 -16.421 
3.43434 -11.753 -12.795 -14.157 -14.986 -15.734 -16.257 -16.187 -16.389 -16.420 
3.63636 -11.666 -12.845 -14.113 -15.014 -15.710 -15.966 -16.137 -16.257 -16.277 
3.83838 -11.564 -12.845 -13.931 -14.764 -15.544 -15.880 -15.995 -16.115 -16.260 
4.04040 -11.556 -12.535 -13.692 -14.730 -15.390 -15.809 -15.995 -16.203 -16.209 
4.24242 -11.223 -12.681 -13.710 -14.578 -15.266 -15.550 -15.827 -16.032 -16.185 
4.44444 -11.222 -12.641 -13.539 -14.536 -15.167 -15.422 -15.754 -15.868 -16.143 
4.64646 -10.819 -12.051 -13.365 -14.389 -15.010 -15.352 -15.610 -15.732 -15.805 
4.84848 -11.152 -12.166 -13.332 -14.223 -14.908 -15.396 -15.626 -15.697 -15.787 
5.05051 -11.186 -12.167 -12.937 -14.009 -14.870 -15.199 -15.329 -15.552 -15.750 
5.25253 -10.463 -11.837 -13.164 -14.123 -14.717 -15.061 -15.219 -15.442 -15.875 
5.45455 -10.555 -12.126 -13.026 -13.942 -14.638 -15.023 -15.172 -15.379 -15.618 
5.65657 -10.131 -11.858 -12.694 -13.899 -14.612 -14.897 -15.204 -15.265 -15.478 
5.85859 -10.018 -11.557 -12.925 -13.857 -14.617 -14.908 -14.994 -15.403 -15.481 
6.06061 -9.954 -11.398 -12.475 -13.611 -14.395 -14.723 -14.926 -15.105 -15.176 
6.26263 -9.627 -11.164 -12.639 -13.680 -14.389 -14.708 -14.884 -15.037 -15.199 
6.46465 -9.563 -11.174 -12.502 -13.557 -14.302 -14.608 -14.733 -14.869 -15.163 
6.66667 -9.801 -11.092 -12.466 -13.548 -14.179 -14.579 -14.705 -14.933 -15.103 
6.86869 -9.624 -11.367 -12.401 -13.369 -14.188 -14.506 -14.648 -14.794 -14.904 
7.07071 -9.218 -11.074 -12.358 -13.283 -14.034 -14.410 -14.537 -14.727 -14.923 
7.27273 -9.058 -10.796 -12.257 -13.276 -13.850 -14.403 -14.466 -14.682 -14.693 
7.47475 -8.824 -10.706 -12.126 -12.991 -13.826 -14.257 -14.333 -14.562 -14.659 
7.67677 -8.451 -10.624 -11.805 -12.993 -13.859 -14.194 -14.345 -14.494 -14.668 
7.87879 -8.661 -10.830 -11.963 -12.961 -13.749 -14.168 -14.366 -14.441 -14.799 
8.08081 -8.378 -10.495 -11.746 -13.013 -13.728 -14.136 -14.257 -14.347 -14.513 
8.28283 -8.131 -10.203 -11.786 -12.807 -13.661 -14.020 -14.150 -14.290 -14.601 
8.48485 -8.035 -10.253 -11.715 -12.866 -13.551 -13.968 -14.119 -14.274 -14.299 
8.68687 -7.804 -10.148 -11.710 -12.799 -13.538 -14.052 -14.075 -14.224 -14.255 
8.88889 -7.662 -10.069 -11.682 -12.724 -13.523 -13.888 -14.128 -14.260 -14.221 
9.09091 -7.878 -10.004 -11.514 -12.609 -13.383 -13.812 -13.952 -14.137 -14.354 
9.29293 -7.378 -9.842 -11.326 -12.492 -13.366 -13.733 -13.922 -14.050 -14.256 
9.49495 -7.314 -9.924 -11.476 -12.529 -13.302 -13.740 -13.857 -14.014 -14.073 
9.69697 -7.316 -9.490 -11.380 -12.423 -13.262 -13.652 -13.856 -13.928 -14.179 
9.89899 -7.085 -9.337 -11.116 -12.319 -13.205 -13.544 -13.815 -13.912 -13.946 
10.10101 -7.415 -9.562 -11.028 -12.327 -13.091 -13.544 -13.753 -13.885 -13.915 
10.30303 -6.917 -9.198 -10.934 -12.222 -13.025 -13.393 -13.766 -13.762 -13.889 
10.50505 -6.789 -9.102 -10.880 -12.203 -12.989 -13.409 -13.658 -13.744 -13.911 
10.70707 -6.514 -9.136 -10.856 -12.117 -12.894 -13.283 -13.578 -13.704 -13.805 
10.90909 -6.395 -8.883 -10.851 -12.094 -12.811 -13.299 -13.552 -13.741 -13.742 
11.11111 -6.408 -8.752 -10.622 -11.916 -12.776 -13.306 -13.542 -13.746 -13.605 
11.31313 -6.343 -8.681 -10.724 -11.839 -12.719 -13.150 -13.543 -13.544 -13.747 
11.51515 -6.269 -8.681 -10.358 -11.866 -12.746 -13.180 -13.433 -13.673 -13.612 
11.71717 -5.622 -8.449 -10.449 -11.870 -12.565 -13.021 -13.419 -13.541 -13.521 
11.91919 -5.421 -8.199 -10.379 -11.759 -12.565 -12.994 -13.342 -13.582 -13.487 
12.12121 -5.796 -8.419 -10.283 -11.588 -12.569 -12.958 -13.294 -13.372 -13.436 
12.32323 -5.190 -8.107 -10.177 -11.577 -12.342 -12.810 -13.189 -13.438 -13.362 
12.52525 -4.991 -7.912 -10.009 -11.518 -12.353 -12.809 -13.285 -13.451 -13.442 
12.72727 -5.135 -8.094 -9.864 -11.555 -12.269 -12.797 -13.117 -13.181 -13.400 
12.92929 -4.831 -7.905 -9.897 -11.306 -12.253 -12.763 -13.145 -13.366 -13.382 
13.13131 -4.493 -7.712 -9.629 -11.245 -12.099 -12.664 -13.126 -13.265 -13.202 
13.33333 -4.475 -7.544 -9.572 -11.147 -12.082 -12.552 -12.977 -13.247 -13.206 
13.53535 -4.601 -7.358 -9.528 -11.063 -12.014 -12.583 -12.964 -13.229 -13.277 
13.73737 -4.175 -7.152 -9.507 -10.891 -11.922 -12.540 -12.936 -13.127 -13.141 
13.93939 -4.137 -7.100 -9.480 -10.902 -11.781 -12.373 -12.852 -13.096 -13.121 
14.14141 -4.288 -7.175 -9.325 -10.856 -11.764 -12.365 -12.764 -13.022 -13.149 
14.34343 -4.321 -6.919 -9.514 -10.776 -11.876 -12.367 -12.821 -13.011 -13.108 
14.54545 -3.936 -6.700 -8.998 -10.714 -11.741 -12.267 -12.716 -13.051 -13.090 
14.74747 -3.639 -6.664 -9.087 -10.635 -11.621 -12.289 -12.693 -13.039 -13.137 
14.94949 -3.780 -7.133 -8.848 -10.706 -11.628 -12.164 -12.661 -12.991 -13.058 
15.15152 -3.744 -6.503 -8.709 -10.493 -11.505 -12.049 -12.641 -12.996 -12.930 
15.35354 -3.746 -6.254 -8.784 -10.452 -11.527 -12.157 -12.600 -12.875 -13.028 
15.55556 -3.213 -6.224 -8.639 -10.327 -11.416 -12.127 -12.499 -12.909 -12.950 
15.75758 -3.198 -6.388 -8.485 -10.281 -11.395 -12.004 -12.593 -12.913 -12.920 
15.95960 -3.120 -6.054 -8.371 -10.396 -11.305 -11.913 -12.509 -12.763 -12.889 
16.16162 -3.026 -5.809 -8.458 -10.165 -11.325 -11.841 -12.460 -12.826 -12.911 
16.36364 -2.839 -5.720 -8.313 -10.157 -11.211 -11.868 -12.375 -12.784 -12.820 
16.56566 -2.777 -5.410 -8.206 -10.018 -11.129 -11.791 -12.335 -12.787 -12.849 
16.76768 -3.053 -5.477 -8.195 -9.874 -11.118 -11.695 -12.370 -12.667 -12.812 
16.96970 -2.589 -5.686 -8.046 -9.983 -11.036 -11.653 -12.323 -12.733 -12.794 
17.17172 -2.484 -5.460 -7.918 -9.917 -10.983 -11.650 -12.244 -12.723 -12.786 
17.37374 -2.308 -5.101 -8.023 -9.853 -11.015 -11.623 -12.220 -12.652 -12.765 
17.57576 -2.183 -5.116 -7.856 -9.729 -10.819 -11.515 -12.222 -12.601 -12.770 
17.77778 -2.015 -5.133 -7.671 -9.686 -10.789 -11.439 -12.187 -12.597 -12.710 
17.97980 -1.872 -4.849 -7.661 -9.593 -10.789 -11.559 -12.155 -12.580 -12.748 
18.18182 -2.091 -4.591 -7.444 -9.511 -10.755 -11.525 -12.123 -12.534 -12.684 
18.38384 -1.694 -4.572 -7.416 -9.401 -10.679 -11.424 -12.029 -12.483 -12.643 
18.58586 -1.642 -4.734 -7.402 -9.301 -10.653 -11.336 -12.052 -12.565 -12.678 
18.78788 -1.500 -4.826 -7.180 -9.315 -10.603 -11.380 -12.023 -12.515 -12.732 
18.98990 -1.340 -4.315 -7.340 -9.202 -10.687 -11.327 -12.004 -12.453 -12.685 
19.19192 -1.179 -4.238 -7.076 -9.172 -10.539 -11.226 -11.965 -12.453 -12.605 
19.39394 -1.406 -4.086 -6.845 -9.046 -10.453 -11.194 -12.000 -12.413 -12.573 
19.59596 -0.929 -4.341 -6.736 -8.980 -10.362 -11.155 -11.888 -12.337 -12.562 
19.79798 -0.842 -3.843 -6.548 -8.956 -10.261 -11.038 -11.825 -12.390 -12.512 
20.00000 -0.785 -4.121 -6.437 -8.803 -10.105 -10.877 -11.748 -12.222 -12.429 
