# t[days] u g r i z y J H K
0.20202 -11.627 -12.649 -13.784 -13.311 -12.668 -12.842 12.849 nan nan 
0.40404 -14.393 -15.137 -15.235 -14.913 -14.746 -13.497 -9.719 -11.442 -13.601 
0.60606 -15.132 -16.103 -15.899 -15.475 -14.748 -14.018 -10.761 -12.237 nan 
0.80808 -15.130 -16.304 -16.202 -15.586 -14.890 -13.682 -12.216 -5.091 -12.765 
1.01010 -15.127 -16.360 -16.311 -15.761 -14.450 -14.359 -12.089 -12.361 -11.705 
1.21212 -15.015 -16.436 -16.448 -15.744 -14.465 -13.568 -11.872 -12.675 nan 
1.41414 -14.796 -16.348 -16.459 -15.790 -14.717 -13.488 -11.841 -13.184 -13.320 
1.61616 -14.560 -16.285 -16.452 -16.057 -15.920 -15.466 -15.521 -14.891 -14.749 
1.81818 -14.405 -16.269 -16.568 -16.250 -16.018 -15.848 -15.657 -14.753 -14.671 
2.02020 -14.357 -16.249 -16.432 -16.394 -16.318 -16.052 -15.781 -15.520 -15.218 
2.22222 -13.967 -16.075 -16.529 -16.312 -16.584 -16.275 -15.932 -15.513 -15.573 
2.42424 -13.741 -15.893 -16.401 -16.162 -16.279 -16.137 -15.904 -15.525 -15.369 
2.62626 -13.652 -15.682 -16.219 -16.143 -16.253 -16.296 -15.753 -15.696 -15.341 
2.82828 -13.436 -15.387 -15.923 -15.945 -16.040 -16.071 -15.750 -15.734 -15.311 
3.03030 -13.247 -15.063 -15.653 -15.860 -15.999 -16.039 -15.741 -15.382 -15.346 
3.23232 -12.877 -14.853 -15.423 -15.590 -15.878 -15.997 -15.663 -15.468 -15.264 
3.43434 -12.897 -14.670 -15.212 -15.415 -15.724 -15.875 -15.512 -15.434 -15.099 
3.63636 -12.622 -14.475 -15.094 -15.292 -15.492 -15.844 -15.578 -15.356 -14.807 
3.83838 -12.456 -14.070 -14.838 -15.193 -15.520 -15.705 -15.505 -15.157 -14.912 
4.04040 -12.343 -13.943 -14.772 -15.122 -15.318 -15.533 -15.331 -15.172 -14.785 
4.24242 -12.135 -13.747 -14.656 -15.050 -15.378 -15.385 -15.323 -15.114 -14.666 
4.44444 -11.974 -13.650 -14.469 -14.853 -15.205 -15.440 -15.296 -15.193 -14.756 
4.64646 -11.716 -13.469 -14.252 -14.731 -15.138 -15.321 -15.210 -14.940 -14.642 
4.84848 -11.838 -13.402 -14.154 -14.552 -14.991 -15.308 -15.200 -15.076 -14.580 
5.05051 -11.488 -12.934 -13.812 -14.604 -14.924 -15.169 -15.081 -14.810 -14.808 
5.25253 -11.274 -12.965 -13.876 -14.468 -14.876 -15.112 -14.970 -14.724 -14.671 
5.45455 -11.319 -12.817 -13.868 -14.523 -14.818 -15.067 -15.025 -14.774 -14.393 
5.65657 -10.877 -12.702 -13.702 -14.332 -14.771 -15.118 -14.905 -14.599 -14.704 
5.85859 -10.941 -12.636 -13.396 -14.145 -14.730 -14.956 -14.780 -14.672 -14.278 
6.06061 -10.733 -12.395 -13.372 -14.075 -14.542 -14.806 -14.785 -14.530 -14.311 
6.26263 -10.518 -12.326 -13.389 -14.014 -14.465 -14.709 -14.698 -14.419 -14.338 
6.46465 -10.170 -12.081 -13.288 -13.882 -14.426 -14.705 -14.716 -14.459 -14.228 
6.66667 -10.177 -11.966 -13.024 -13.778 -14.304 -14.580 -14.560 -14.446 -14.266 
6.86869 -10.015 -11.914 -12.940 -13.767 -14.290 -14.505 -14.546 -14.427 -14.412 
7.07071 -9.833 -11.827 -12.982 -13.703 -14.250 -14.484 -14.494 -14.400 -14.194 
7.27273 -9.635 -11.600 -12.785 -13.625 -14.023 -14.424 -14.405 -14.379 -14.144 
7.47475 -9.331 -11.507 -12.739 -13.489 -14.022 -14.426 -14.385 -14.225 -13.913 
7.67677 -9.028 -11.382 -12.703 -13.500 -13.943 -14.239 -14.338 -14.199 -14.095 
7.87879 -9.073 -11.189 -12.437 -13.333 -13.865 -14.209 -14.320 -14.148 -13.871 
8.08081 -8.975 -11.173 -12.459 -13.269 -13.788 -14.100 -14.206 -14.159 -13.863 
8.28283 -8.675 -10.939 -12.360 -13.272 -13.717 -14.091 -14.101 -14.066 -13.793 
8.48485 -8.430 -10.886 -12.306 -13.072 -13.699 -14.006 -14.162 -14.105 -13.925 
8.68687 -9.042 -10.890 -12.026 -13.018 -13.713 -13.876 -14.076 -14.009 -14.024 
8.88889 -8.241 -10.490 -11.909 -12.961 -13.576 -13.850 -13.938 -13.970 -13.740 
9.09091 -7.812 -10.375 -11.826 -12.890 -13.454 -13.809 -13.938 -13.984 -13.785 
9.29293 -7.700 -10.303 -11.753 -12.692 -13.417 -13.752 -13.812 -13.846 -13.696 
9.49495 -7.553 -10.152 -11.716 -12.717 -13.383 -13.677 -13.877 -13.754 -13.555 
9.69697 -7.497 -9.985 -11.497 -12.562 -13.269 -13.636 -13.803 -13.786 -13.651 
9.89899 -6.986 -9.909 -11.390 -12.440 -13.127 -13.505 -13.687 -13.858 -13.639 
10.10101 -6.940 -9.665 -11.339 -12.398 -13.085 -13.479 -13.752 -13.685 -13.553 
10.30303 -6.773 -9.503 -11.249 -12.302 -13.051 -13.471 -13.636 -13.707 -13.519 
10.50505 -6.617 -9.569 -11.290 -12.462 -13.071 -13.503 -13.622 -13.657 -13.469 
10.70707 -6.483 -9.400 -11.115 -12.278 -12.846 -13.317 -13.551 -13.574 -13.523 
10.90909 -6.376 -8.932 -10.847 -12.035 -12.799 -13.218 -13.578 -13.541 -13.343 
11.11111 -5.985 -8.874 -10.690 -11.975 -12.821 -13.174 -13.457 -13.459 -13.420 
11.31313 -5.428 -9.100 -10.842 -11.880 -12.699 -13.171 -13.373 -13.457 -13.340 
11.51515 -5.871 -8.666 -10.664 -11.769 -12.608 -13.040 -13.361 -13.416 -13.363 
11.71717 -5.726 -8.372 -10.733 -11.732 -12.495 -12.999 -13.358 -13.331 -13.402 
11.91919 -5.301 -8.529 -10.367 -11.674 -12.517 -12.996 -13.196 -13.313 -13.222 
12.12121 -5.367 -8.141 -10.295 -11.567 -12.410 -12.946 -13.229 -13.273 -13.265 
12.32323 -4.875 -8.246 -10.245 -11.562 -12.350 -12.754 -13.135 -13.252 -13.294 
12.52525 -4.889 -8.151 -10.123 -11.475 -12.249 -12.747 -13.079 -13.249 -13.140 
12.72727 -5.086 -7.860 -9.985 -11.409 -12.195 -12.657 -13.085 -13.219 -13.201 
12.92929 -4.520 -7.613 -9.779 -11.257 -12.111 -12.608 -13.050 -13.252 -13.206 
13.13131 -4.091 -7.748 -9.669 -11.226 -12.031 -12.544 -12.979 -13.114 -13.079 
13.33333 -3.899 -7.331 -9.589 -11.165 -12.055 -12.499 -12.939 -13.165 -13.113 
13.53535 -4.451 -7.393 -9.597 -11.118 -12.050 -12.492 -12.864 -13.105 -13.135 
13.73737 -4.415 -7.226 -9.455 -10.994 -11.933 -12.302 -12.870 -13.105 -13.018 
13.93939 -3.953 -7.187 -9.252 -10.839 -11.876 -12.306 -12.796 -13.027 -13.068 
14.14141 -3.682 -6.956 -9.277 -10.878 -11.817 -12.323 -12.859 -12.975 -13.034 
14.34343 -3.458 -6.756 -9.197 -10.720 -11.697 -12.256 -12.759 -12.970 -12.972 
14.54545 -3.836 -6.634 -9.107 -10.591 -11.625 -12.151 -12.704 -12.908 -12.900 
14.74747 -3.185 -6.343 -8.926 -10.583 -11.624 -12.113 -12.651 -12.896 -12.893 
14.94949 -3.210 -6.795 -8.849 -10.437 -11.533 -12.052 -12.625 -12.899 -12.930 
15.15152 -3.782 -6.557 -8.736 -10.362 -11.404 -12.068 -12.590 -12.858 -12.879 
15.35354 -3.016 -6.366 -8.621 -10.394 -11.382 -11.978 -12.548 -12.803 -12.839 
15.55556 -2.672 -6.035 -8.504 -10.347 -11.365 -11.898 -12.447 -12.786 -12.887 
15.75758 -2.552 -5.793 -8.429 -10.183 -11.210 -11.843 -12.441 -12.818 -12.883 
15.95960 -2.734 -5.576 -8.397 -10.075 -11.234 -11.877 -12.410 -12.721 -12.847 
16.16162 -2.235 -5.826 -8.260 -10.110 -11.199 -11.771 -12.392 -12.744 -12.821 
16.36364 -2.167 -5.363 -8.264 -10.071 -11.085 -11.779 -12.364 -12.694 -12.769 
16.56566 -1.991 -5.498 -8.149 -10.029 -11.135 -11.730 -12.363 -12.669 -12.802 
16.76768 -1.852 -5.612 -8.162 -9.841 -11.027 -11.731 -12.304 -12.660 -12.814 
16.96970 -1.715 -5.283 -7.940 -9.832 -10.973 -11.590 -12.232 -12.679 -12.825 
17.17172 -1.588 -5.334 -7.876 -9.791 -11.000 -11.529 -12.269 -12.631 -12.787 
17.37374 -1.525 -5.424 -7.793 -9.727 -10.864 -11.583 -12.227 -12.700 -12.726 
17.57576 -1.339 -4.835 -7.753 -9.779 -10.907 -11.492 -12.219 -12.580 -12.723 
17.77778 -1.331 -4.944 -7.458 -9.594 -10.965 -11.483 -12.165 -12.605 -12.682 
17.97980 -1.126 -4.870 -7.193 -9.587 -10.723 -11.416 -12.143 -12.586 -12.722 
18.18182 -1.040 -4.805 -7.451 -9.410 -10.786 -11.434 -12.150 -12.594 -12.777 
18.38384 -0.909 -4.474 -7.445 -9.387 -10.763 -11.409 -12.112 -12.546 -12.755 
18.58586 -1.111 -4.198 -7.231 -9.393 -10.609 -11.318 -12.104 -12.521 -12.714 
18.78788 -0.817 -3.832 -7.330 -9.231 -10.620 -11.282 -12.009 -12.537 -12.713 
18.98990 -0.711 -4.484 -7.025 -9.257 -10.534 -11.303 -12.046 -12.505 -12.737 
19.19192 -0.609 -4.336 -7.016 -9.287 -10.533 -11.249 -11.976 -12.485 -12.687 
19.39394 -1.100 -4.290 -6.990 -9.017 -10.388 -11.201 -11.900 -12.424 -12.599 
19.59596 -0.529 -3.604 -6.648 -9.055 -10.303 -11.113 -11.845 -12.353 -12.580 
19.79798 -0.481 -3.455 -6.534 -8.832 -10.302 -10.914 -11.806 -12.285 -12.499 
20.00000 -0.354 -3.429 -6.587 -8.783 -10.232 -11.009 -11.735 -12.276 -12.437 
