# t[days] u g r i z y J H K
0.20202 -10.714 -10.628 -9.864 -8.855 -8.139 -7.891 -6.532 -7.095 -5.993 
0.40404 -13.167 -13.840 -13.558 -13.442 -14.074 -13.568 -13.709 -14.704 -13.873 
0.60606 -13.807 -14.485 -15.113 -15.276 -15.435 -15.205 -14.645 -14.563 -12.815 
0.80808 -14.539 -15.118 -15.581 -15.677 -15.701 -15.801 -15.254 -15.130 -14.202 
1.01010 -14.057 -14.995 -15.616 -15.987 -16.087 -16.221 -15.635 -15.469 -15.214 
1.21212 -13.946 -15.119 -15.804 -16.213 -16.387 -16.201 -16.191 -15.678 -15.785 
1.41414 -13.758 -14.949 -15.625 -16.245 -16.404 -16.276 -16.336 -15.872 -15.840 
1.61616 -13.026 -14.651 -15.645 -16.235 -16.306 -16.374 -16.343 -16.095 -15.805 
1.81818 -12.758 -14.510 -15.564 -16.180 -16.457 -16.380 -16.343 -16.256 -15.921 
2.02020 -11.940 -14.090 -15.108 -16.073 -16.260 -16.334 -16.490 -16.276 -15.969 
2.22222 -11.776 -13.668 -14.801 -15.575 -16.157 -16.216 -16.198 -16.309 -16.103 
2.42424 -11.767 -13.226 -14.617 -15.360 -15.853 -16.069 -16.143 -16.273 -15.853 
2.62626 -11.215 -12.920 -14.251 -15.208 -15.657 -15.819 -15.977 -16.076 -15.843 
2.82828 -11.078 -12.559 -13.919 -14.974 -15.464 -15.691 -15.912 -15.970 -16.055 
3.03030 -10.910 -12.139 -13.619 -14.717 -15.333 -15.523 -15.706 -15.955 -15.869 
3.23232 -10.798 -11.885 -13.317 -14.546 -15.068 -15.334 -15.706 -15.720 -15.804 
3.43434 -10.658 -11.649 -13.191 -14.187 -14.874 -15.181 -15.543 -15.709 -15.732 
3.63636 -10.479 -11.626 -12.997 -13.995 -14.631 -15.017 -15.340 -15.663 -15.598 
3.83838 -10.256 -11.250 -12.739 -13.829 -14.562 -14.840 -15.213 -15.622 -15.654 
4.04040 -10.103 -10.932 -12.334 -13.525 -14.341 -14.842 -15.153 -15.520 -15.413 
4.24242 -9.955 -10.826 -12.273 -13.333 -14.241 -14.628 -15.027 -15.515 -15.456 
4.44444 -9.798 -10.722 -12.064 -13.396 -14.037 -14.553 -14.923 -15.365 -15.530 
4.64646 -9.658 -10.440 -11.890 -13.180 -14.103 -14.438 -14.832 -15.206 -15.430 
4.84848 -9.503 -10.423 -11.729 -12.905 -13.815 -14.251 -14.745 -15.202 -15.323 
5.05051 -9.336 -10.165 -11.465 -12.820 -13.695 -14.062 -14.709 -15.027 -15.240 
5.25253 -9.196 -10.230 -11.376 -12.666 -13.600 -14.033 -14.686 -15.000 -15.240 
5.45455 -9.037 -9.964 -11.275 -12.677 -13.503 -13.903 -14.561 -15.029 -15.129 
5.65657 -8.878 -9.812 -11.030 -12.369 -13.352 -13.646 -14.471 -14.820 -15.115 
5.85859 -8.727 -9.552 -10.802 -12.362 -13.278 -13.602 -14.364 -14.836 -15.165 
6.06061 -8.578 -9.477 -10.851 -12.099 -13.104 -13.686 -14.265 -14.848 -15.062 
6.26263 -8.439 -9.506 -10.628 -12.018 -13.184 -13.436 -14.175 -14.769 -14.951 
6.46465 -8.278 -9.322 -10.415 -11.982 -12.891 -13.515 -14.107 -14.705 -14.955 
6.66667 -8.116 -9.148 -10.203 -11.740 -12.860 -13.417 -14.053 -14.574 -14.997 
6.86869 -7.966 -9.005 -10.172 -11.831 -12.821 -13.344 -13.893 -14.547 -14.835 
7.07071 -7.822 -8.933 -10.262 -11.632 -12.729 -13.185 -13.850 -14.441 -14.874 
7.27273 -7.681 -8.774 -10.066 -11.448 -12.720 -13.163 -13.829 -14.352 -14.822 
7.47475 -7.535 -8.594 -9.921 -11.341 -12.535 -12.956 -13.735 -14.363 -14.683 
7.67677 -7.386 -8.473 -9.701 -11.461 -12.492 -13.067 -13.567 -14.251 -14.639 
7.87879 -7.234 -8.318 -9.770 -11.172 -12.373 -12.931 -13.560 -14.096 -14.588 
8.08081 -7.087 -8.240 -9.540 -11.128 -12.269 -12.749 -13.496 -13.990 -14.508 
8.28283 -6.969 -8.131 -9.447 -11.132 -12.177 -12.784 -13.346 -13.994 -14.531 
8.48485 -6.788 -8.009 -9.247 -10.896 -12.059 -12.685 -13.347 -14.006 -14.498 
8.68687 -6.619 -7.832 -9.549 -10.886 -12.058 -12.617 -13.325 -13.890 -14.368 
8.88889 -6.442 -7.751 -9.270 -10.890 -12.004 -12.502 -13.308 -13.789 -14.307 
9.09091 -6.274 -7.649 -9.126 -10.822 -11.994 -12.453 -13.150 -13.753 -14.190 
9.29293 -6.121 -7.494 -9.193 -10.597 -11.800 -12.460 -13.084 -13.715 -14.200 
9.49495 -6.018 -7.283 -8.910 -10.662 -11.765 -12.259 -12.978 -13.651 -14.221 
9.69697 -5.808 -7.406 -8.889 -10.624 -11.798 -12.365 -12.903 -13.512 -14.094 
9.89899 -5.674 -7.194 -8.840 -10.574 -11.664 -12.201 -12.791 -13.519 -13.867 
10.10101 -5.503 -7.173 -8.530 -10.431 -11.576 -12.113 -12.732 -13.327 -13.952 
10.30303 -5.360 -6.858 -8.741 -10.270 -11.578 -12.127 -12.735 -13.333 -13.845 
10.50505 -5.195 -6.808 -8.492 -10.326 -11.400 -12.016 -12.633 -13.336 -13.823 
10.70707 -5.068 -6.624 -8.412 -10.305 -11.387 -12.081 -12.729 -13.211 -13.803 
10.90909 -4.906 -6.501 -8.306 -10.144 -11.253 -12.005 -12.535 -13.177 -13.705 
11.11111 -4.796 -6.428 -8.323 -10.065 -11.325 -11.877 -12.512 -13.126 -13.600 
11.31313 -4.620 -6.243 -8.350 -9.928 -11.206 -11.728 -12.388 -13.049 -13.573 
11.51515 -4.493 -6.190 -8.180 -9.968 -11.123 -11.751 -12.325 -13.007 -13.598 
11.71717 -4.397 -6.083 -7.974 -9.904 -11.153 -11.609 -12.259 -12.905 -13.487 
11.91919 -4.265 -5.907 -8.077 -9.750 -11.115 -11.551 -12.242 -12.868 -13.433 
12.12121 -4.150 -6.339 -8.238 -9.717 -10.965 -11.532 -12.131 -12.841 -13.371 
12.32323 -4.006 -5.679 -7.714 -9.690 -10.991 -11.419 -12.178 -12.788 -13.283 
12.52525 -3.911 -5.948 -7.716 -9.568 -10.906 -11.464 -12.117 -12.809 -13.313 
12.72727 -3.789 -5.606 -7.612 -9.540 -10.786 -11.313 -11.976 -12.652 -13.260 
12.92929 -3.767 -5.491 -7.531 -9.497 -10.675 -11.395 -12.020 -12.559 -13.154 
13.13131 -3.556 -5.228 -7.475 -9.517 -10.752 -11.311 -11.934 -12.571 -12.982 
13.33333 -3.414 -5.389 -7.510 -9.368 -10.601 -11.329 -11.874 -12.436 -13.041 
13.53535 -3.357 -5.280 -7.411 -9.358 -10.570 -11.283 -11.840 -12.470 -13.042 
13.73737 -3.184 -5.089 -7.252 -9.334 -10.580 -11.193 -11.888 -12.480 -12.909 
13.93939 -3.006 -4.859 -7.229 -9.175 -10.656 -11.095 -11.801 -12.373 -12.863 
14.14141 -2.967 -4.820 -7.054 -9.079 -10.446 -11.064 -11.699 -12.385 -12.783 
14.34343 -2.723 -5.213 -7.100 -9.108 -10.350 -11.119 -11.649 -12.273 -12.776 
14.54545 -2.588 -4.781 -7.068 -9.119 -10.360 -10.919 -11.629 -12.197 -12.751 
14.74747 -2.460 -4.568 -7.201 -9.078 -10.287 -10.965 -11.598 -12.208 -12.721 
14.94949 -2.268 -4.826 -7.053 -8.942 -10.287 -10.946 -11.566 -12.216 -12.679 
15.15152 -2.150 -4.526 -6.875 -8.912 -10.133 -10.895 -11.552 -12.194 -12.778 
15.35354 -2.031 -4.326 -6.581 -8.955 -10.153 -10.838 -11.560 -12.103 -12.544 
15.55556 -1.897 -4.485 -6.706 -8.752 -10.171 -10.846 -11.477 -12.091 -12.564 
15.75758 -1.760 -4.227 -6.569 -8.701 -10.064 -10.706 -11.452 -12.017 -12.607 
15.95960 -1.661 -4.073 -6.412 -8.655 -10.068 -10.685 -11.409 -11.943 -12.583 
16.16162 -1.536 -4.300 -6.332 -8.580 -9.915 -10.699 -11.417 -12.042 -12.498 
16.36364 -1.464 -4.089 -6.351 -8.601 -10.067 -10.684 -11.297 -11.956 -12.485 
16.56566 -1.380 -3.891 -6.420 -8.504 -9.933 -10.642 -11.324 -11.949 -12.494 
16.76768 -1.390 -3.895 -6.175 -8.484 -9.976 -10.690 -11.394 -11.908 -12.447 
16.96970 -1.242 -3.827 -6.179 -8.326 -9.963 -10.630 -11.304 -11.880 -12.406 
17.17172 -1.120 -3.573 -6.168 -8.435 -9.823 -10.538 -11.298 -11.922 -12.324 
17.37374 -1.026 -3.528 -5.947 -8.345 -9.807 -10.523 -11.254 -11.826 -12.322 
17.57576 -0.919 -3.420 -6.244 -8.266 -9.759 -10.503 -11.250 -11.856 -12.345 
17.77778 -0.908 -3.443 -5.796 -8.204 -9.727 -10.436 -11.252 -11.885 -12.210 
17.97980 -0.827 -3.253 -5.885 -8.287 -9.653 -10.407 -11.202 -11.732 -12.187 
18.18182 -0.743 -3.184 -5.816 -8.207 -9.644 -10.398 -11.205 -11.867 -12.175 
18.38384 -0.692 -3.277 -5.762 -8.140 -9.561 -10.326 -11.157 -11.735 -12.177 
18.58586 -0.577 -3.029 -5.760 -8.020 -9.535 -10.343 -11.071 -11.723 -12.131 
18.78788 -0.520 -3.039 -6.088 -7.986 -9.426 -10.257 -11.069 -11.699 -12.147 
18.98990 -0.462 -2.802 -5.520 -8.001 -9.440 -10.272 -11.071 -11.674 -12.135 
19.19192 -0.340 -3.173 -5.384 -7.839 -9.427 -10.285 -11.061 -11.638 -12.065 
19.39394 -0.282 -2.822 -5.343 -7.763 -9.471 -10.145 -10.993 -11.584 -12.125 
19.59596 -0.153 -2.548 -5.457 -7.703 -9.355 -10.104 -10.906 -11.556 -12.010 
19.79798 -0.076 -2.515 -5.012 -7.526 -9.173 -9.982 -10.912 -11.572 -12.012 
20.00000 0.047 -2.344 -5.153 -7.530 -9.114 -9.921 -10.812 -11.477 -11.964 
