# t[days] u g r i z y J H K
0.20202 -10.871 -10.309 -10.757 -13.317 -11.736 -7.301 -11.506 -6.180 -5.797 
0.40404 -14.060 -14.493 -15.091 -14.768 -13.763 -14.230 -12.552 -12.528 -9.821 
0.60606 -14.567 -15.431 -15.853 -15.642 -14.963 -14.727 -14.263 -13.827 -12.971 
0.80808 -14.636 -15.803 -16.305 -16.084 -15.810 -14.664 -14.359 -13.779 -13.128 
1.01010 -14.737 -15.946 -16.431 -16.260 -15.530 -15.500 -14.608 -13.924 -13.555 
1.21212 -14.529 -15.929 -16.489 -16.265 -15.788 -15.513 -14.786 -14.453 -14.485 
1.41414 -14.254 -15.824 -16.351 -16.190 -15.685 -15.239 -14.710 -14.339 -14.392 
1.61616 -13.699 -15.588 -16.228 -16.025 -15.422 -15.141 -14.692 -14.335 -14.371 
1.81818 -13.188 -15.252 -16.009 -15.997 -15.323 -14.954 -14.861 -14.583 -14.301 
2.02020 -12.845 -15.052 -15.779 -15.734 -15.281 -14.883 -14.467 -14.413 -14.212 
2.22222 -12.379 -14.650 -15.569 -15.478 -15.230 -14.693 -14.479 -14.454 -14.431 
2.42424 -11.795 -14.262 -15.252 -15.318 -14.967 -14.665 -14.421 -14.208 -14.419 
2.62626 -11.405 -13.909 -14.897 -14.964 -14.757 -14.447 -14.476 -14.397 -14.173 
2.82828 -11.127 -13.522 -14.536 -14.841 -14.626 -14.273 -14.043 -14.083 -14.000 
3.03030 -10.694 -13.341 -14.246 -14.393 -14.286 -14.218 -13.906 -14.061 -13.907 
3.23232 -10.278 -12.790 -13.955 -14.217 -14.030 -14.019 -13.943 -14.110 -13.901 
3.43434 -9.986 -12.531 -13.735 -13.968 -13.959 -13.887 -13.758 -14.049 -13.993 
3.63636 -9.688 -12.226 -13.529 -13.780 -13.760 -13.672 -13.688 -13.893 -13.825 
3.83838 -9.378 -11.894 -13.162 -13.662 -13.621 -13.769 -13.597 -13.678 -13.899 
4.04040 -9.193 -11.646 -12.928 -13.296 -13.578 -13.464 -13.581 -13.683 -13.837 
4.24242 -9.022 -11.377 -12.820 -13.149 -13.377 -13.406 -13.461 -13.558 -13.708 
4.44444 -8.846 -11.161 -12.613 -13.069 -13.361 -13.381 -13.440 -13.675 -13.777 
4.64646 -8.557 -11.064 -12.280 -12.865 -13.146 -13.226 -13.351 -13.620 -13.572 
4.84848 -8.350 -10.608 -12.180 -12.828 -13.092 -13.163 -13.222 -13.461 -13.506 
5.05051 -8.223 -10.512 -11.881 -12.602 -12.907 -12.973 -13.146 -13.391 -13.532 
5.25253 -7.962 -10.319 -11.762 -12.497 -12.917 -13.017 -13.081 -13.449 -13.643 
5.45455 -7.782 -10.149 -11.662 -12.385 -12.759 -12.915 -13.064 -13.447 -13.592 
5.65657 -7.685 -10.072 -11.432 -12.302 -12.711 -12.822 -12.972 -13.281 -13.403 
5.85859 -7.473 -9.748 -11.300 -12.189 -12.654 -12.804 -12.990 -13.244 -13.357 
6.06061 -7.279 -9.579 -11.260 -12.119 -12.540 -12.698 -13.031 -13.104 -13.320 
6.26263 -7.132 -9.611 -11.124 -12.000 -12.515 -12.631 -12.875 -13.101 -13.340 
6.46465 -6.793 -9.237 -10.966 -11.865 -12.385 -12.612 -12.798 -13.100 -13.385 
6.66667 -6.640 -9.103 -10.742 -11.779 -12.394 -12.593 -12.870 -13.072 -13.232 
6.86869 -6.426 -8.897 -10.593 -11.605 -12.263 -12.535 -12.688 -13.072 -13.205 
7.07071 -6.294 -8.725 -10.631 -11.622 -12.181 -12.443 -12.642 -12.945 -13.167 
7.27273 -5.995 -8.532 -10.444 -11.453 -12.014 -12.330 -12.595 -12.929 -13.147 
7.47475 -5.921 -8.462 -10.356 -11.375 -11.922 -12.355 -12.574 -12.908 -13.083 
7.67677 -5.766 -8.163 -10.157 -11.332 -11.905 -12.187 -12.511 -12.759 -13.004 
7.87879 -5.490 -7.916 -10.033 -11.123 -11.871 -12.076 -12.412 -12.797 -13.018 
8.08081 -5.433 -7.780 -9.738 -11.051 -11.769 -12.022 -12.392 -12.714 -13.009 
8.28283 -5.199 -7.700 -9.697 -10.969 -11.722 -11.981 -12.422 -12.624 -12.946 
8.48485 -4.994 -7.639 -9.550 -10.825 -11.595 -11.883 -12.296 -12.593 -12.913 
8.68687 -4.871 -7.371 -9.481 -10.843 -11.606 -11.832 -12.224 -12.562 -12.757 
8.88889 -4.690 -7.330 -9.420 -10.672 -11.496 -11.808 -12.128 -12.526 -12.787 
9.09091 -4.518 -7.017 -9.229 -10.595 -11.433 -11.713 -12.092 -12.467 -12.674 
9.29293 -4.368 -6.808 -9.059 -10.354 -11.272 -11.644 -12.131 -12.423 -12.665 
9.49495 -4.176 -6.746 -9.058 -10.378 -11.261 -11.642 -12.007 -12.362 -12.678 
9.69697 -4.016 -6.594 -8.990 -10.387 -11.162 -11.538 -11.932 -12.320 -12.553 
9.89899 -3.838 -6.647 -8.725 -10.261 -11.121 -11.488 -11.911 -12.258 -12.581 
10.10101 -3.733 -6.315 -8.740 -10.167 -11.058 -11.406 -11.810 -12.237 -12.585 
10.30303 -3.559 -6.236 -8.680 -9.937 -11.026 -11.404 -11.881 -12.231 -12.453 
10.50505 -3.330 -6.002 -8.320 -9.968 -10.962 -11.375 -11.736 -12.145 -12.475 
10.70707 -3.180 -5.961 -8.302 -9.864 -10.912 -11.335 -11.798 -12.139 -12.388 
10.90909 -3.021 -5.872 -8.287 -9.850 -10.802 -11.243 -11.761 -12.118 -12.401 
11.11111 -2.820 -5.631 -8.142 -9.889 -10.757 -11.271 -11.687 -12.113 -12.350 
11.31313 -3.061 -5.689 -8.039 -9.730 -10.704 -11.163 -11.683 -12.097 -12.309 
11.51515 -2.560 -5.369 -8.017 -9.726 -10.579 -11.054 -11.597 -12.047 -12.249 
11.71717 -2.781 -5.384 -7.871 -9.625 -10.595 -11.072 -11.559 -11.904 -12.314 
11.91919 -2.358 -5.249 -7.756 -9.490 -10.563 -11.051 -11.553 -11.965 -12.201 
12.12121 -2.225 -5.154 -7.646 -9.585 -10.505 -10.992 -11.560 -11.988 -12.268 
12.32323 -2.100 -4.778 -7.756 -9.418 -10.416 -10.994 -11.493 -11.955 -12.231 
12.52525 -2.049 -4.535 -7.455 -9.325 -10.402 -10.841 -11.460 -11.852 -12.151 
12.72727 -1.933 -4.550 -7.299 -9.292 -10.325 -10.930 -11.432 -11.857 -12.167 
12.92929 -1.827 -4.889 -7.153 -9.167 -10.325 -10.950 -11.385 -11.865 -12.180 
13.13131 -1.732 -4.794 -7.334 -9.133 -10.194 -10.859 -11.346 -11.815 -12.144 
13.33333 -1.622 -4.358 -7.242 -9.035 -10.144 -10.735 -11.383 -11.841 -12.153 
13.53535 -1.533 -4.597 -7.159 -9.010 -10.211 -10.690 -11.386 -11.792 -12.095 
13.73737 -1.408 -4.141 -7.051 -8.993 -10.187 -10.668 -11.287 -11.715 -12.024 
13.93939 -1.579 -4.127 -6.806 -8.877 -10.071 -10.588 -11.248 -11.744 -12.025 
14.14141 -1.140 -3.472 -6.490 -8.885 -10.071 -10.617 -11.250 -11.736 -11.965 
14.34343 -1.023 -4.083 -7.129 -8.767 -9.924 -10.529 -11.204 -11.690 -11.996 
14.54545 -0.901 -3.455 -6.557 -8.755 -9.978 -10.524 -11.157 -11.737 -11.959 
14.74747 -0.732 -3.631 -6.582 -8.657 -9.849 -10.405 -11.216 -11.615 -11.909 
14.94949 -0.700 -3.302 -6.346 -8.444 -9.831 -10.451 -11.106 -11.619 -11.924 
15.15152 -0.503 -3.722 -6.172 -8.476 -9.786 -10.358 -11.091 -11.607 -11.936 
15.35354 -0.316 -3.370 -6.152 -8.384 -9.730 -10.384 -11.082 -11.516 -11.920 
15.55556 -0.163 -3.397 -6.098 -8.219 -9.723 -10.308 -10.974 -11.578 -11.893 
15.75758 -0.097 -3.225 -5.988 -8.276 -9.705 -10.273 -10.963 -11.503 -11.861 
15.95960 0.131 -2.676 -6.047 -8.189 -9.534 -10.192 -10.941 -11.457 -11.823 
16.16162 0.271 -2.765 -5.793 -8.242 -9.525 -10.166 -10.923 -11.452 -11.806 
16.36364 0.462 -2.605 -5.778 -8.087 -9.481 -10.144 -10.882 -11.372 -11.741 
16.56566 0.531 -2.176 -5.650 -8.074 -9.507 -10.142 -10.859 -11.351 -11.756 
16.76768 0.684 -2.163 -5.755 -7.978 -9.252 -10.021 -10.718 -11.382 -11.747 
16.96970 0.732 -2.119 -5.567 -7.944 -9.267 -10.010 -10.749 -11.303 -11.746 
17.17172 0.956 -2.319 -5.444 -8.055 -9.204 -9.905 -10.711 -11.347 -11.731 
17.37374 1.040 -2.406 -5.775 -7.795 -9.193 -9.867 -10.669 -11.278 -11.600 
17.57576 1.144 -2.176 -5.168 -7.787 -9.125 -9.772 -10.697 -11.258 -11.593 
17.77778 1.316 -1.819 -5.292 -7.681 -9.111 -9.798 -10.653 -11.234 -11.566 
17.97980 1.498 -1.860 -5.037 -7.569 -9.061 -9.758 -10.567 -11.227 -11.622 
18.18182 1.608 -1.373 -4.915 -7.643 -8.997 -9.694 -10.529 -11.208 -11.592 
18.38384 1.778 -1.724 -5.072 -7.534 -8.974 -9.709 -10.485 -11.165 -11.517 
18.58586 1.849 -1.505 -4.978 -7.565 -8.901 -9.593 -10.475 -11.114 -11.559 
18.78788 2.055 -1.644 -4.660 -7.432 -8.736 -9.523 -10.353 -11.128 -11.479 
18.98990 2.145 -1.030 -4.646 -7.302 -8.757 -9.541 -10.343 -10.981 -11.436 
19.19192 2.385 -0.797 -4.592 -7.286 -8.619 -9.390 -10.326 -10.964 -11.431 
19.39394 2.470 -1.052 -4.822 -7.088 -8.583 -9.330 -10.232 -10.935 -11.320 
19.59596 2.529 -1.501 -4.385 -7.045 -8.441 -9.289 -10.257 -10.871 -11.297 
19.79798 2.625 -0.757 -4.059 -6.870 -8.327 -9.127 -10.014 -10.775 -11.176 
20.00000 2.800 -0.379 -4.522 -6.660 -8.311 -9.169 -9.953 -10.729 -11.110 
