# t[days] u g r i z y J H K
0.20202 -10.882 -10.990 -11.356 -8.774 -8.257 -10.033 -6.452 -5.672 -5.418 
0.40404 -13.458 -14.353 -14.544 -15.090 -14.522 -13.935 -13.886 -11.933 -12.645 
0.60606 -14.739 -15.180 -15.834 -15.497 -15.436 -15.269 -15.003 -14.557 -14.531 
0.80808 -14.663 -15.733 -16.040 -15.968 -16.034 -15.854 -15.401 -15.321 -14.947 
1.01010 -14.658 -15.765 -16.183 -16.381 -16.275 -16.137 -16.248 -15.454 -15.209 
1.21212 -14.045 -15.641 -16.173 -16.347 -16.316 -16.483 -16.312 -16.077 -15.691 
1.41414 -13.965 -15.621 -16.082 -16.255 -16.413 -16.346 -16.218 -16.028 -15.638 
1.61616 -13.565 -15.418 -16.072 -16.376 -16.474 -16.442 -16.418 -16.531 -15.795 
1.81818 -13.152 -15.143 -15.912 -16.278 -16.451 -16.584 -16.600 -16.351 -16.082 
2.02020 -12.602 -14.989 -15.724 -16.093 -16.425 -16.267 -16.518 -16.443 -16.296 
2.22222 -12.461 -14.863 -15.571 -15.934 -16.233 -16.298 -16.357 -16.456 -16.288 
2.42424 -12.261 -14.317 -15.324 -15.780 -16.206 -16.244 -16.307 -16.302 -16.084 
2.62626 -11.936 -14.083 -14.981 -15.555 -15.959 -16.153 -16.154 -16.144 -15.873 
2.82828 -11.961 -13.800 -14.770 -15.478 -15.797 -16.053 -16.132 -16.188 -16.087 
3.03030 -11.506 -13.649 -14.629 -15.350 -15.686 -15.941 -15.914 -16.085 -15.945 
3.23232 -11.360 -13.278 -14.403 -14.944 -15.532 -15.744 -16.016 -16.107 -15.823 
3.43434 -11.398 -13.095 -14.102 -14.774 -15.376 -15.644 -15.735 -15.955 -16.064 
3.63636 -10.964 -12.542 -13.759 -14.686 -15.212 -15.413 -15.623 -15.819 -15.818 
3.83838 -10.833 -12.789 -13.728 -14.422 -15.002 -15.180 -15.630 -15.754 -15.843 
4.04040 -10.695 -12.406 -13.495 -14.311 -14.999 -15.214 -15.506 -15.560 -15.818 
4.24242 -10.562 -12.300 -13.491 -14.123 -14.928 -15.063 -15.240 -15.639 -15.609 
4.44444 -10.444 -12.079 -13.244 -13.911 -14.750 -15.109 -15.285 -15.471 -15.623 
4.64646 -10.333 -11.812 -13.016 -14.049 -14.770 -14.973 -15.240 -15.535 -15.474 
4.84848 -9.957 -11.690 -12.834 -13.819 -14.496 -14.863 -15.076 -15.293 -15.399 
5.05051 -10.002 -11.706 -12.753 -13.784 -14.345 -14.648 -15.119 -15.320 -15.379 
5.25253 -9.722 -11.238 -12.569 -13.664 -14.437 -14.640 -14.945 -15.185 -15.193 
5.45455 -9.676 -11.584 -12.511 -13.431 -14.181 -14.544 -14.988 -15.122 -15.332 
5.65657 -9.511 -11.395 -12.455 -13.507 -14.057 -14.479 -14.732 -15.027 -15.381 
5.85859 -9.379 -11.056 -12.334 -13.247 -14.165 -14.368 -14.633 -15.017 -15.241 
6.06061 -9.107 -10.783 -11.966 -13.237 -13.912 -14.369 -14.710 -14.956 -15.040 
6.26263 -9.102 -10.638 -12.069 -13.045 -13.853 -14.258 -14.522 -14.844 -15.072 
6.46465 -9.072 -10.440 -11.887 -12.989 -13.776 -14.147 -14.536 -14.808 -14.859 
6.66667 -8.843 -10.440 -11.783 -12.880 -13.731 -14.010 -14.439 -14.824 -14.902 
6.86869 -8.595 -10.592 -11.789 -12.985 -13.608 -13.905 -14.302 -14.547 -14.788 
7.07071 -8.498 -10.321 -11.795 -12.827 -13.633 -13.968 -14.259 -14.550 -14.731 
7.27273 -8.425 -10.298 -11.645 -12.723 -13.473 -13.910 -14.178 -14.455 -14.781 
7.47475 -8.596 -10.327 -11.552 -12.719 -13.456 -13.910 -14.108 -14.438 -14.612 
7.67677 -8.338 -10.202 -11.578 -12.570 -13.394 -13.770 -13.990 -14.254 -14.633 
7.87879 -7.852 -9.826 -11.401 -12.604 -13.326 -13.652 -13.957 -14.231 -14.545 
8.08081 -7.772 -9.921 -11.264 -12.427 -13.210 -13.638 -13.893 -14.370 -14.462 
8.28283 -7.659 -9.694 -11.239 -12.427 -13.081 -13.589 -13.855 -14.131 -14.253 
8.48485 -7.410 -10.233 -11.060 -12.155 -13.011 -13.408 -13.847 -14.178 -14.260 
8.68687 -7.299 -9.503 -11.021 -12.163 -13.091 -13.455 -13.803 -14.010 -14.262 
8.88889 -7.215 -9.164 -10.803 -12.170 -12.997 -13.278 -13.667 -13.925 -14.283 
9.09091 -6.955 -9.329 -10.816 -12.142 -13.014 -13.233 -13.608 -13.882 -14.158 
9.29293 -6.834 -9.066 -10.742 -12.033 -12.861 -13.376 -13.503 -13.912 -14.114 
9.49495 -6.761 -8.950 -10.751 -12.021 -12.853 -13.256 -13.591 -13.755 -13.983 
9.69697 -6.492 -9.005 -10.556 -11.886 -12.779 -13.119 -13.469 -13.722 -13.954 
9.89899 -6.273 -9.062 -10.520 -11.900 -12.760 -13.072 -13.396 -13.616 -13.961 
10.10101 -6.452 -8.815 -10.547 -11.755 -12.607 -13.047 -13.322 -13.699 -13.951 
10.30303 -6.045 -8.309 -10.291 -11.549 -12.635 -12.926 -13.305 -13.588 -13.786 
10.50505 -5.855 -8.237 -10.182 -11.571 -12.463 -12.895 -13.218 -13.526 -13.633 
10.70707 -5.764 -8.317 -10.116 -11.553 -12.337 -12.937 -13.168 -13.505 -13.741 
10.90909 -5.479 -8.137 -9.887 -11.399 -12.298 -12.780 -13.154 -13.390 -13.647 
11.11111 -5.414 -7.830 -9.891 -11.363 -12.300 -12.735 -13.129 -13.331 -13.561 
11.31313 -5.212 -8.126 -9.874 -11.244 -12.249 -12.710 -13.034 -13.351 -13.488 
11.51515 -5.135 -7.753 -9.800 -11.278 -12.107 -12.627 -12.966 -13.310 -13.586 
11.71717 -4.950 -7.481 -9.669 -11.142 -12.070 -12.494 -12.946 -13.241 -13.439 
11.91919 -4.959 -7.423 -9.552 -11.175 -11.994 -12.505 -12.834 -13.102 -13.271 
12.12121 -4.680 -7.245 -9.473 -10.973 -11.886 -12.421 -12.849 -13.135 -13.484 
12.32323 -4.498 -7.279 -9.394 -10.918 -11.862 -12.409 -12.809 -13.125 -13.368 
12.52525 -4.439 -7.196 -9.470 -10.821 -11.806 -12.410 -12.782 -12.957 -13.175 
12.72727 -4.368 -7.077 -9.250 -10.815 -11.892 -12.303 -12.754 -13.037 -13.185 
12.92929 -4.191 -6.913 -9.344 -10.600 -11.663 -12.319 -12.655 -13.008 -13.122 
13.13131 -4.024 -6.879 -9.126 -10.648 -11.627 -12.180 -12.674 -12.934 -13.065 
13.33333 -3.929 -6.519 -8.974 -10.834 -11.564 -12.095 -12.590 -12.915 -13.161 
13.53535 -3.826 -6.582 -8.715 -10.477 -11.547 -12.071 -12.576 -12.868 -13.020 
13.73737 -3.705 -6.480 -8.511 -10.401 -11.457 -12.009 -12.481 -12.765 -12.954 
13.93939 -3.536 -6.303 -8.524 -10.320 -11.377 -11.899 -12.409 -12.758 -12.907 
14.14141 -3.481 -6.261 -8.585 -10.402 -11.324 -11.852 -12.434 -12.741 -12.883 
14.34343 -3.383 -5.978 -8.505 -10.237 -11.315 -11.841 -12.342 -12.767 -12.933 
14.54545 -3.344 -6.016 -8.324 -10.134 -11.239 -11.830 -12.314 -12.670 -12.871 
14.74747 -3.152 -5.620 -8.346 -10.057 -11.202 -11.772 -12.256 -12.661 -12.802 
14.94949 -3.075 -5.844 -8.325 -10.078 -11.104 -11.699 -12.254 -12.536 -12.758 
15.15152 -2.974 -6.034 -8.301 -9.955 -11.029 -11.690 -12.335 -12.666 -12.784 
15.35354 -3.022 -5.627 -7.997 -9.879 -11.049 -11.635 -12.287 -12.589 -12.895 
15.55556 -2.690 -5.793 -8.009 -9.912 -11.095 -11.656 -12.174 -12.564 -12.794 
15.75758 -2.567 -5.301 -7.877 -9.862 -11.029 -11.590 -12.143 -12.535 -12.768 
15.95960 -2.375 -5.276 -7.788 -9.778 -10.906 -11.453 -12.146 -12.521 -12.737 
16.16162 -2.349 -5.432 -7.734 -9.626 -10.810 -11.541 -12.047 -12.528 -12.694 
16.36364 -2.179 -4.933 -7.613 -9.655 -10.882 -11.403 -12.042 -12.443 -12.667 
16.56566 -2.087 -5.064 -7.545 -9.550 -10.745 -11.379 -12.011 -12.433 -12.562 
16.76768 -1.913 -4.723 -7.459 -9.572 -10.703 -11.330 -12.008 -12.394 -12.622 
16.96970 -1.789 -4.841 -7.429 -9.418 -10.647 -11.297 -11.964 -12.378 -12.582 
17.17172 -1.704 -4.785 -7.251 -9.521 -10.827 -11.255 -11.920 -12.339 -12.591 
17.37374 -1.632 -4.464 -7.258 -9.394 -10.526 -11.204 -11.849 -12.376 -12.512 
17.57576 -1.381 -4.556 -7.170 -9.393 -10.699 -11.257 -11.875 -12.395 -12.526 
17.77778 -1.295 -4.481 -7.055 -9.236 -10.471 -11.198 -11.827 -12.364 -12.560 
17.97980 -1.189 -4.675 -7.184 -9.116 -10.481 -11.120 -11.842 -12.264 -12.550 
18.18182 -1.127 -4.414 -7.110 -9.049 -10.308 -11.078 -11.819 -12.309 -12.585 
18.38384 -1.011 -4.256 -6.762 -9.083 -10.322 -11.110 -11.769 -12.274 -12.492 
18.58586 -0.882 -4.086 -6.832 -8.939 -10.270 -11.022 -11.746 -12.268 -12.437 
18.78788 -0.791 -4.126 -6.740 -8.901 -10.231 -10.980 -11.754 -12.162 -12.448 
18.98990 -0.774 -3.875 -6.796 -8.940 -10.137 -10.928 -11.735 -12.180 -12.447 
19.19192 -0.689 -3.582 -6.540 -8.681 -10.159 -10.887 -11.654 -12.188 -12.447 
19.39394 -0.645 -3.477 -6.618 -8.717 -10.113 -10.863 -11.632 -12.164 -12.393 
19.59596 -0.539 -3.259 -6.381 -8.665 -10.049 -10.839 -11.564 -12.124 -12.408 
19.79798 -0.535 -3.311 -6.260 -8.598 -10.009 -10.793 -11.562 -12.072 -12.359 
20.00000 -0.383 -3.096 -6.097 -8.305 -10.006 -10.632 -11.472 -11.979 -12.243 
