# t[days] u g r i z y J H K
0.20202 -10.954 -10.527 -10.531 -10.563 -12.398 -11.014 -7.844 -7.339 -8.988 
0.40404 -13.633 -13.839 -13.886 -13.944 -14.207 -13.834 -14.073 -13.004 -9.849 
0.60606 -13.364 -14.290 -14.491 -14.968 -14.994 -15.003 -14.773 -14.185 -13.676 
0.80808 -13.377 -14.472 -14.794 -15.497 -15.480 -15.548 -15.257 -15.303 -14.624 
1.01010 -13.059 -14.236 -15.091 -15.556 -15.735 -15.705 -15.526 -15.209 -14.502 
1.21212 -12.256 -13.868 -14.809 -15.569 -15.811 -15.828 -15.791 -15.446 -14.992 
1.41414 -11.877 -13.578 -14.618 -15.410 -15.753 -15.753 -15.672 -15.549 -15.144 
1.61616 -11.408 -12.900 -14.262 -15.190 -15.498 -15.571 -15.638 -15.504 -15.128 
1.81818 -11.000 -12.412 -13.870 -14.864 -15.331 -15.545 -15.497 -15.408 -15.273 
2.02020 -10.789 -11.962 -13.552 -14.737 -15.221 -15.281 -15.438 -15.351 -15.205 
2.22222 -10.439 -11.573 -13.248 -14.420 -15.018 -15.183 -15.255 -15.395 -15.275 
2.42424 -10.218 -11.266 -12.963 -14.141 -14.762 -14.922 -15.198 -15.224 -15.054 
2.62626 -9.999 -10.942 -12.537 -13.990 -14.565 -14.784 -15.034 -15.165 -15.187 
2.82828 -9.786 -10.794 -12.332 -13.630 -14.379 -14.690 -15.020 -15.073 -15.131 
3.03030 -9.565 -10.405 -12.067 -13.448 -14.224 -14.487 -14.892 -15.057 -15.068 
3.23232 -9.352 -10.006 -11.851 -13.347 -14.102 -14.476 -14.839 -14.918 -14.975 
3.43434 -9.139 -9.911 -11.555 -13.119 -13.976 -14.354 -14.700 -14.959 -15.027 
3.63636 -8.908 -9.569 -11.274 -13.001 -13.862 -14.238 -14.606 -14.945 -14.853 
3.83838 -8.680 -9.481 -11.138 -12.834 -13.651 -14.082 -14.425 -14.825 -14.926 
4.04040 -8.467 -9.265 -10.929 -12.616 -13.567 -13.906 -14.393 -14.713 -14.839 
4.24242 -8.255 -9.030 -10.704 -12.423 -13.501 -13.811 -14.241 -14.636 -14.763 
4.44444 -8.021 -8.788 -10.522 -12.295 -13.315 -13.695 -14.231 -14.481 -14.800 
4.64646 -7.799 -8.549 -10.268 -12.162 -13.252 -13.567 -14.072 -14.460 -14.753 
4.84848 -7.535 -8.415 -10.004 -12.070 -13.085 -13.525 -13.939 -14.376 -14.671 
5.05051 -7.289 -8.120 -9.888 -11.739 -12.848 -13.421 -13.772 -14.304 -14.520 
5.25253 -7.058 -8.051 -9.857 -11.811 -12.848 -13.247 -13.676 -14.170 -14.453 
5.45455 -6.798 -7.768 -9.608 -11.509 -12.665 -13.148 -13.539 -14.086 -14.402 
5.65657 -6.588 -7.624 -9.407 -11.384 -12.495 -13.039 -13.527 -13.901 -14.284 
5.85859 -6.356 -7.325 -9.279 -11.264 -12.461 -12.888 -13.419 -13.832 -14.251 
6.06061 -6.134 -7.171 -9.125 -11.128 -12.203 -12.731 -13.255 -13.739 -14.085 
6.26263 -5.926 -7.021 -9.112 -11.072 -12.146 -12.592 -13.195 -13.696 -14.051 
6.46465 -5.681 -6.830 -9.065 -10.873 -12.021 -12.516 -13.062 -13.587 -13.889 
6.66667 -5.469 -6.592 -8.888 -10.744 -11.915 -12.392 -12.963 -13.494 -13.885 
6.86869 -5.254 -6.696 -8.791 -10.640 -11.973 -12.276 -12.902 -13.325 -13.697 
7.07071 -5.023 -6.397 -8.731 -10.556 -11.710 -12.245 -12.790 -13.276 -13.701 
7.27273 -4.827 -6.193 -8.569 -10.433 -11.606 -12.125 -12.649 -13.144 -13.622 
7.47475 -4.594 -6.004 -8.361 -10.345 -11.634 -12.043 -12.646 -13.178 -13.530 
7.67677 -4.370 -5.924 -8.448 -10.302 -11.419 -12.009 -12.509 -13.056 -13.471 
7.87879 -4.188 -5.783 -8.235 -10.122 -11.385 -11.919 -12.359 -12.974 -13.309 
8.08081 -3.960 -5.664 -8.188 -10.235 -11.293 -11.741 -12.243 -12.938 -13.301 
8.28283 -3.766 -5.620 -8.093 -10.071 -11.203 -11.768 -12.258 -12.788 -13.273 
8.48485 -3.617 -5.583 -7.987 -10.028 -11.128 -11.590 -12.146 -12.636 -13.078 
8.68687 -3.431 -5.366 -7.889 -9.951 -11.104 -11.560 -12.065 -12.588 -13.050 
8.88889 -3.280 -5.327 -7.881 -9.899 -11.063 -11.526 -12.001 -12.613 -13.062 
9.09091 -3.145 -5.232 -7.790 -9.859 -10.985 -11.512 -11.953 -12.533 -12.978 
9.29293 -2.998 -5.104 -7.718 -9.760 -10.928 -11.416 -11.934 -12.446 -12.911 
9.49495 -2.970 -4.998 -7.566 -9.657 -10.842 -11.357 -11.868 -12.328 -12.774 
9.69697 -2.756 -4.981 -7.606 -9.623 -10.769 -11.332 -11.813 -12.282 -12.778 
9.89899 -2.613 -4.889 -7.548 -9.679 -10.788 -11.301 -11.743 -12.238 -12.664 
10.10101 -2.478 -4.707 -7.397 -9.533 -10.745 -11.171 -11.657 -12.225 -12.665 
10.30303 -2.392 -4.493 -7.464 -9.511 -10.693 -11.195 -11.670 -12.159 -12.679 
10.50505 -2.202 -4.409 -7.330 -9.342 -10.621 -11.099 -11.639 -12.130 -12.521 
10.70707 -2.005 -4.212 -7.236 -9.326 -10.578 -11.062 -11.567 -12.109 -12.394 
10.90909 -1.865 -4.406 -7.147 -9.337 -10.480 -10.997 -11.515 -11.982 -12.459 
11.11111 -1.731 -4.319 -7.129 -9.288 -10.504 -10.970 -11.512 -12.042 -12.409 
11.31313 -1.592 -4.013 -7.007 -9.149 -10.455 -10.933 -11.461 -11.915 -12.416 
11.51515 -1.325 -4.056 -6.989 -9.147 -10.358 -10.853 -11.367 -11.903 -12.359 
11.71717 -1.205 -3.889 -6.873 -9.092 -10.327 -10.870 -11.350 -11.849 -12.234 
11.91919 -0.978 -3.732 -7.020 -9.060 -10.309 -10.857 -11.301 -11.871 -12.234 
12.12121 -0.824 -3.668 -6.744 -8.965 -10.211 -10.715 -11.297 -11.773 -12.195 
12.32323 -0.659 -3.624 -6.854 -8.948 -10.106 -10.657 -11.284 -11.739 -12.127 
12.52525 -0.501 -3.451 -6.581 -8.807 -9.995 -10.650 -11.227 -11.733 -12.078 
12.72727 -0.405 -3.178 -6.565 -8.730 -10.031 -10.638 -11.172 -11.648 -12.042 
12.92929 -0.217 -3.239 -6.562 -8.693 -9.940 -10.577 -11.145 -11.556 -12.003 
13.13131 -0.018 -3.060 -6.548 -8.594 -9.943 -10.473 -11.088 -11.499 -11.969 
13.33333 0.101 -3.080 -6.286 -8.595 -9.923 -10.420 -11.032 -11.569 -11.916 
13.53535 0.211 -2.778 -6.406 -8.613 -9.761 -10.336 -10.984 -11.500 -11.881 
13.73737 0.358 -2.795 -6.147 -8.541 -9.745 -10.294 -10.936 -11.449 -11.799 
13.93939 0.621 -2.549 -6.215 -8.352 -9.681 -10.249 -10.866 -11.428 -11.775 
14.14141 0.784 -2.832 -6.305 -8.266 -9.607 -10.152 -10.786 -11.407 -11.770 
14.34343 0.948 -2.262 -5.827 -8.323 -9.550 -10.195 -10.843 -11.312 -11.709 
14.54545 1.011 -2.608 -5.705 -8.147 -9.522 -10.131 -10.726 -11.292 -11.704 
14.74747 1.257 -2.897 -5.738 -8.130 -9.422 -10.028 -10.687 -11.242 -11.626 
14.94949 1.475 -1.895 -5.650 -8.036 -9.334 -9.913 -10.665 -11.171 -11.678 
15.15152 1.640 -1.966 -5.644 -8.078 -9.266 -10.055 -10.590 -11.172 -11.538 
15.35354 1.849 -1.904 -5.483 -7.886 -9.220 -9.775 -10.542 -11.121 -11.553 
15.55556 2.004 -1.602 -5.413 -7.914 -9.189 -9.849 -10.445 -11.101 -11.582 
15.75758 2.083 -1.792 -5.448 -7.754 -9.087 -9.681 -10.504 -11.016 -11.474 
15.95960 2.246 -1.328 -5.362 -7.715 -9.052 -9.587 -10.379 -10.934 -11.402 
16.16162 2.427 -1.511 -5.188 -7.623 -8.999 -9.536 -10.316 -10.944 -11.420 
16.36364 2.382 -1.499 -5.245 -7.527 -8.835 -9.548 -10.276 -10.945 -11.377 
16.56566 2.781 -1.453 -5.206 -7.525 -8.787 -9.542 -10.262 -10.849 -11.264 
16.76768 3.023 -0.890 -5.117 -7.445 -8.771 -9.424 -10.164 -10.830 -11.248 
16.96970 3.139 -1.198 -4.826 -7.387 -8.721 -9.355 -10.096 -10.833 -11.236 
17.17172 3.253 -1.583 -4.886 -7.299 -8.654 -9.303 -10.162 -10.738 -11.166 
17.37374 3.387 -1.266 -4.904 -7.296 -8.502 -9.168 -10.015 -10.739 -11.124 
17.57576 3.709 -0.550 -4.691 -7.157 -8.507 -9.208 -10.025 -10.691 -11.112 
17.77778 3.698 -0.656 -4.493 -7.183 -8.577 -9.168 -9.921 -10.642 -11.101 
17.97980 3.903 -0.610 -4.589 -7.061 -8.382 -8.993 -9.940 -10.571 -11.107 
18.18182 3.897 -0.851 -4.416 -7.019 -8.372 -8.952 -9.863 -10.542 -11.073 
18.38384 4.377 -0.637 -4.439 -6.973 -8.317 -8.966 -9.847 -10.581 -11.026 
18.58586 4.163 -0.372 -4.401 -6.733 -8.286 -8.897 -9.803 -10.444 -10.969 
18.78788 4.336 -0.065 -4.047 -6.768 -8.182 -8.840 -9.708 -10.440 -11.021 
18.98990 4.778 -0.328 -4.272 -6.668 -8.129 -8.821 -9.656 -10.443 -10.910 
19.19192 4.857 -0.387 -4.256 -6.585 -7.940 -8.705 -9.576 -10.399 -10.831 
19.39394 4.914 0.721 -4.179 -6.448 -7.912 -8.663 -9.593 -10.314 -10.782 
19.59596 4.676 0.415 -3.989 -6.403 -7.862 -8.634 -9.482 -10.238 -10.735 
19.79798 5.045 0.682 -3.785 -6.154 -7.715 -8.468 -9.422 -10.179 -10.695 
20.00000 5.549 1.496 -3.432 -6.024 -7.574 -8.256 -9.271 -10.007 -10.511 
