# t[days] u g r i z y J H K
0.20202 -11.018 -10.643 -10.535 -12.084 -9.860 -10.388 -11.311 -6.263 -6.896 
0.40404 -12.805 -12.824 -13.294 -13.915 -14.166 -13.646 -12.567 -13.248 -12.959 
0.60606 -13.058 -13.624 -14.160 -14.617 -14.682 -14.829 -14.444 -13.591 -13.562 
0.80808 -12.871 -13.646 -14.343 -14.939 -15.243 -14.925 -14.760 -14.354 -13.949 
1.01010 -12.214 -13.331 -14.157 -14.914 -15.139 -15.160 -14.856 -14.510 -14.136 
1.21212 -11.772 -13.072 -14.052 -14.869 -15.035 -15.048 -14.873 -14.735 -14.349 
1.41414 -11.145 -12.465 -13.712 -14.668 -14.944 -14.967 -14.966 -14.815 -14.366 
1.61616 -10.725 -12.237 -13.539 -14.471 -14.918 -14.946 -14.893 -14.835 -14.595 
1.81818 -10.084 -11.668 -13.237 -14.236 -14.693 -14.792 -14.910 -14.705 -14.660 
2.02020 -9.718 -11.246 -12.975 -14.014 -14.531 -14.580 -14.768 -14.688 -14.494 
2.22222 -9.415 -10.880 -12.515 -13.778 -14.345 -14.492 -14.607 -14.734 -14.580 
2.42424 -9.023 -10.326 -12.300 -13.541 -14.193 -14.366 -14.557 -14.650 -14.424 
2.62626 -8.676 -10.048 -11.936 -13.249 -13.904 -14.103 -14.478 -14.489 -14.478 
2.82828 -8.329 -9.632 -11.617 -13.098 -13.867 -14.097 -14.350 -14.468 -14.484 
3.03030 -7.998 -9.402 -11.350 -12.893 -13.734 -13.953 -14.245 -14.437 -14.432 
3.23232 -7.657 -8.947 -11.039 -12.713 -13.559 -13.803 -14.127 -14.418 -14.552 
3.43434 -7.302 -8.722 -10.783 -12.477 -13.412 -13.699 -14.077 -14.277 -14.391 
3.63636 -6.946 -8.432 -10.651 -12.314 -13.158 -13.510 -13.929 -14.257 -14.331 
3.83838 -6.582 -8.152 -10.467 -12.093 -13.070 -13.397 -13.889 -14.197 -14.280 
4.04040 -6.261 -7.646 -10.207 -11.953 -12.876 -13.227 -13.732 -14.141 -14.229 
4.24242 -5.901 -7.382 -9.845 -11.668 -12.666 -13.055 -13.573 -13.964 -14.216 
4.44444 -5.557 -7.009 -9.634 -11.458 -12.492 -12.898 -13.347 -13.841 -14.039 
4.64646 -5.233 -6.865 -9.358 -11.251 -12.366 -12.767 -13.291 -13.838 -13.981 
4.84848 -4.951 -6.447 -9.150 -11.113 -12.170 -12.624 -13.189 -13.625 -13.901 
5.05051 -4.709 -6.456 -8.851 -10.845 -12.016 -12.357 -13.048 -13.534 -13.749 
5.25253 -4.397 -6.087 -8.620 -10.771 -11.815 -12.256 -12.913 -13.389 -13.688 
5.45455 -4.140 -5.732 -8.359 -10.580 -11.706 -12.082 -12.720 -13.280 -13.598 
5.65657 -3.841 -5.464 -8.088 -10.324 -11.531 -11.934 -12.541 -13.081 -13.486 
5.85859 -3.588 -5.495 -8.003 -10.230 -11.328 -11.773 -12.427 -13.029 -13.403 
6.06061 -3.360 -5.025 -7.938 -10.066 -11.275 -11.698 -12.309 -12.966 -13.311 
6.26263 -3.077 -4.875 -7.674 -9.987 -10.998 -11.549 -12.210 -12.807 -13.250 
6.46465 -2.822 -4.879 -7.658 -9.757 -10.917 -11.452 -12.034 -12.791 -13.159 
6.66667 -2.622 -4.268 -7.627 -9.691 -10.886 -11.382 -11.902 -12.620 -13.039 
6.86869 -2.412 -4.400 -7.285 -9.499 -10.685 -11.185 -11.877 -12.484 -13.025 
7.07071 -2.157 -4.104 -7.178 -9.404 -10.627 -11.037 -11.781 -12.459 -12.953 
7.27273 -1.915 -4.102 -7.149 -9.296 -10.624 -10.958 -11.644 -12.311 -12.758 
7.47475 -1.672 -3.734 -6.934 -9.236 -10.421 -10.850 -11.526 -12.248 -12.713 
7.67677 -1.418 -3.720 -6.973 -9.226 -10.305 -10.775 -11.428 -12.100 -12.725 
7.87879 -1.193 -3.482 -6.684 -9.106 -10.187 -10.625 -11.367 -12.039 -12.557 
8.08081 -0.977 -3.354 -6.654 -8.971 -10.263 -10.556 -11.215 -11.929 -12.541 
8.28283 -0.715 -3.237 -6.556 -8.930 -10.003 -10.454 -11.232 -11.851 -12.391 
8.48485 -0.426 -3.169 -6.527 -8.720 -9.946 -10.401 -11.053 -11.776 -12.260 
8.68687 -0.171 -3.284 -6.513 -8.736 -9.857 -10.326 -10.941 -11.706 -12.272 
8.88889 -0.048 -3.098 -6.423 -8.711 -9.841 -10.204 -10.850 -11.561 -12.176 
9.09091 0.201 -2.917 -6.376 -8.644 -9.632 -10.138 -10.709 -11.467 -12.089 
9.29293 0.550 -2.839 -6.243 -8.417 -9.632 -10.029 -10.681 -11.464 -12.108 
9.49495 0.788 -2.747 -6.147 -8.402 -9.487 -9.910 -10.605 -11.392 -12.020 
9.69697 0.938 -2.496 -6.110 -8.260 -9.423 -9.774 -10.560 -11.216 -11.868 
9.89899 1.193 -2.505 -5.943 -8.187 -9.414 -9.847 -10.382 -11.249 -11.830 
10.10101 1.432 -2.337 -5.864 -8.054 -9.197 -9.626 -10.391 -11.069 -11.731 
10.30303 1.728 -2.434 -5.879 -8.010 -9.161 -9.475 -10.277 -11.016 -11.609 
10.50505 1.908 -2.107 -5.734 -7.990 -9.166 -9.478 -10.176 -10.948 -11.675 
10.70707 2.085 -1.893 -5.739 -7.874 -8.965 -9.460 -10.125 -10.903 -11.504 
10.90909 2.453 -1.939 -5.384 -7.775 -8.882 -9.390 -10.055 -10.832 -11.493 
11.11111 2.632 -2.061 -5.541 -7.787 -8.842 -9.329 -10.029 -10.801 -11.392 
11.31313 2.105 -1.971 -5.435 -7.610 -8.865 -9.204 -9.905 -10.696 -11.420 
11.51515 2.789 -1.688 -5.340 -7.636 -8.683 -9.067 -9.804 -10.623 -11.242 
11.71717 3.317 -1.498 -5.358 -7.441 -8.605 -9.024 -9.712 -10.580 -11.216 
11.91919 3.383 -1.578 -5.205 -7.484 -8.520 -8.855 -9.702 -10.513 -11.094 
12.12121 3.672 -1.564 -5.208 -7.312 -8.343 -8.836 -9.632 -10.449 -11.112 
12.32323 3.646 -1.401 -5.084 -7.235 -8.391 -8.866 -9.598 -10.367 -11.074 
12.52525 3.814 -1.266 -5.048 -7.166 -8.322 -8.701 -9.460 -10.398 -10.988 
12.72727 4.369 -1.183 -4.902 -7.048 -8.201 -8.628 -9.441 -10.301 -10.941 
12.92929 4.515 -1.136 -4.854 -7.014 -8.150 -8.542 -9.440 -10.214 -10.868 
13.13131 4.378 -1.281 -4.937 -6.996 -8.110 -8.559 -9.314 -10.138 -10.847 
13.33333 4.509 -1.622 -4.814 -6.802 -7.975 -8.422 -9.244 -10.096 -10.841 
13.53535 4.215 -1.151 -4.491 -6.851 -7.837 -8.287 -9.153 -10.073 -10.763 
13.73737 5.423 -1.578 -4.635 -6.774 -7.863 -8.257 -9.193 -9.951 -10.705 
13.93939 5.565 -0.393 -4.586 -6.752 -7.764 -8.177 -9.011 -9.967 -10.693 
14.14141 5.681 -0.635 -4.389 -6.656 -7.692 -8.227 -9.049 -9.909 -10.600 
14.34343 5.771 -0.679 -4.290 -6.489 -7.764 -8.038 -9.038 -9.845 -10.555 
14.54545 4.401 -0.543 -4.113 -6.497 -7.601 -8.027 -8.936 -9.775 -10.492 
14.74747 6.472 -0.222 -4.117 -6.465 -7.534 -7.968 -8.815 -9.701 -10.480 
14.94949 5.476 0.025 -4.082 -6.298 -7.510 -7.938 -8.788 -9.652 -10.447 
15.15152 6.178 -0.837 -3.779 -6.220 -7.458 -7.861 -8.761 -9.654 -10.364 
15.35354 6.323 -0.325 -3.921 -6.260 -7.455 -7.770 -8.728 -9.614 -10.286 
15.55556 5.939 -0.094 -3.911 -6.087 -7.245 -7.715 -8.722 -9.611 -10.302 
15.75758 6.963 0.458 -3.775 -6.106 -7.098 -7.552 -8.606 -9.519 -10.149 
15.95960 6.557 0.337 -3.760 -5.903 -7.048 -7.624 -8.555 -9.467 -10.176 
16.16162 6.727 0.393 -3.656 -6.107 -7.109 -7.455 -8.492 -9.386 -10.150 
16.36364 7.016 0.016 -3.577 -5.794 -7.014 -7.528 -8.460 -9.375 -10.197 
16.56566 9.050 0.090 -3.541 -5.780 -6.932 -7.360 -8.407 -9.443 -10.069 
16.76768 7.815 1.187 -3.580 -5.628 -6.827 -7.235 -8.348 -9.336 -10.022 
16.96970 8.382 0.614 -3.363 -5.636 -6.806 -7.292 -8.214 -9.158 -9.982 
17.17172 8.815 0.577 -3.172 -5.471 -6.625 -7.259 -8.160 -9.123 -10.011 
17.37374 6.678 0.635 -3.267 -5.558 -6.648 -7.188 -8.214 -9.259 -9.987 
17.57576 9.317 0.953 -3.124 -5.454 -6.578 -7.161 -8.146 -9.217 -9.983 
17.77778 7.838 0.457 -2.967 -5.491 -6.436 -7.020 -8.145 -9.168 -9.838 
17.97980 7.864 0.611 -3.018 -5.175 -6.424 -6.888 -8.107 -8.958 -9.828 
18.18182 6.421 1.074 -2.681 -5.151 -6.518 -6.934 -8.026 -9.009 -9.682 
18.38384 8.143 1.156 -2.754 -5.170 -6.235 -6.770 -7.985 -8.876 -9.739 
18.58586 9.530 0.547 -2.963 -5.078 -6.280 -6.790 -7.860 -8.832 -9.715 
18.78788 9.050 0.730 -2.879 -5.068 -5.960 -6.689 -7.867 -8.903 -9.704 
18.98990 8.492 1.311 -3.047 -4.785 -6.010 -6.684 -7.731 -8.905 -9.598 
19.19192 9.941 0.950 -2.805 -4.857 -6.033 -6.634 -7.803 -8.763 -9.520 
19.39394 17.075 1.400 -2.567 -4.867 -6.060 -6.592 -7.625 -8.753 -9.522 
19.59596 9.756 0.930 -2.272 -4.716 -5.779 -6.660 -7.632 -8.597 -9.433 
19.79798 9.441 1.265 -2.522 -4.544 -5.719 -6.394 -7.599 -8.446 -9.307 
20.00000 6.954 1.936 -2.039 -4.075 -5.273 -6.146 -7.380 -8.236 -9.187 
