# t[days] u g r i z y J H K
0.20202 -10.658 -12.159 -13.424 -14.582 -13.124 -13.325 -9.045 -4.807 nan 
0.40404 -14.198 -14.996 -14.985 -14.433 -12.771 -12.787 -13.894 -12.991 -12.245 
0.60606 -14.646 -15.796 -15.739 -15.332 -15.049 -14.290 -14.410 -12.702 -12.701 
0.80808 -14.939 -15.736 -15.867 -15.420 -14.861 -14.512 -14.315 -13.863 -13.327 
1.01010 -14.519 -15.775 -15.891 -15.116 -15.410 -15.059 -14.654 -14.018 -13.198 
1.21212 -14.627 -15.843 -16.064 -15.773 -15.243 -15.053 -14.890 -14.413 -14.552 
1.41414 -14.154 -15.668 -15.981 -15.839 -15.389 -15.398 -14.747 -14.871 -14.092 
1.61616 -13.727 -15.492 -15.985 -16.051 -15.701 -15.694 -15.332 -14.990 -14.446 
1.81818 -13.328 -15.489 -16.066 -15.940 -15.813 -15.814 -15.399 -15.355 -15.172 
2.02020 -13.310 -15.504 -15.987 -15.866 -15.757 -15.858 -15.808 -15.571 -15.568 
2.22222 -13.143 -15.382 -15.788 -15.953 -15.955 -16.109 -15.814 -15.823 -15.640 
2.42424 -13.068 -15.087 -15.638 -15.897 -15.961 -15.925 -15.772 -15.478 -15.445 
2.62626 -12.930 -14.982 -15.482 -15.768 -15.970 -15.941 -15.902 -15.759 -15.542 
2.82828 -12.527 -14.585 -15.316 -15.509 -15.646 -15.899 -15.705 -15.740 -15.510 
3.03030 -12.517 -14.400 -15.061 -15.460 -15.665 -15.584 -15.800 -15.431 -15.670 
3.23232 -12.353 -14.049 -14.719 -15.100 -15.580 -15.645 -15.553 -15.533 -15.257 
3.43434 -11.997 -13.824 -14.602 -14.932 -15.314 -15.596 -15.453 -15.472 -15.212 
3.63636 -12.047 -13.854 -14.613 -14.939 -15.083 -15.363 -15.332 -15.373 -15.166 
3.83838 -11.662 -13.294 -14.171 -14.621 -15.236 -15.361 -15.218 -15.197 -15.065 
4.04040 -11.508 -13.280 -14.140 -14.509 -15.133 -15.261 -15.254 -15.024 -14.886 
4.24242 -11.284 -12.919 -13.938 -14.452 -15.034 -15.067 -15.117 -15.249 -14.963 
4.44444 -11.387 -12.975 -13.870 -14.453 -14.914 -15.184 -15.060 -15.115 -15.031 
4.64646 -11.090 -12.549 -13.408 -14.291 -14.732 -15.044 -14.997 -14.967 -14.949 
4.84848 -10.694 -12.459 -13.478 -14.270 -14.584 -15.008 -14.997 -14.898 -14.665 
5.05051 -10.470 -12.293 -13.194 -13.978 -14.636 -14.940 -14.874 -14.793 -14.609 
5.25253 -10.829 -12.395 -13.169 -13.962 -14.658 -14.837 -14.734 -14.759 -14.519 
5.45455 -10.553 -12.174 -13.286 -13.866 -14.343 -14.719 -14.751 -14.616 -14.334 
5.65657 -10.350 -11.992 -13.090 -13.905 -14.351 -14.668 -14.633 -14.512 -14.583 
5.85859 -10.119 -12.034 -12.791 -13.653 -14.338 -14.533 -14.579 -14.512 -14.358 
6.06061 -10.513 -11.870 -12.866 -13.562 -14.248 -14.483 -14.577 -14.522 -14.276 
6.26263 -10.298 -11.655 -12.865 -13.506 -14.036 -14.438 -14.448 -14.339 -14.284 
6.46465 -9.676 -11.329 -12.583 -13.531 -14.174 -14.437 -14.394 -14.282 -14.244 
6.66667 -9.525 -11.476 -12.606 -13.445 -14.037 -14.347 -14.395 -14.308 -14.222 
6.86869 -9.327 -11.081 -12.482 -13.408 -13.967 -14.173 -14.226 -14.354 -14.174 
7.07071 -9.197 -11.425 -12.310 -13.319 -13.802 -14.135 -14.333 -14.285 -14.218 
7.27273 -10.269 -11.226 -12.532 -13.259 -13.741 -14.189 -14.169 -14.286 -14.153 
7.47475 -8.642 -10.711 -12.060 -13.076 -13.689 -14.176 -14.077 -13.957 -13.933 
7.67677 -9.156 -10.509 -12.040 -13.000 -13.636 -13.971 -13.984 -14.074 -13.976 
7.87879 -8.571 -10.666 -12.189 -12.964 -13.645 -13.958 -14.123 -13.956 -13.893 
8.08081 -8.574 -10.463 -11.894 -12.820 -13.468 -13.936 -13.960 -13.848 -13.740 
8.28283 -8.490 -10.562 -11.882 -12.786 -13.409 -13.870 -13.936 -13.962 -13.724 
8.48485 -8.162 -10.220 -11.786 -12.733 -13.414 -13.752 -13.890 -13.894 -13.761 
8.68687 -7.960 -10.301 -11.759 -12.668 -13.348 -13.691 -13.944 -13.836 -13.745 
8.88889 -7.414 -9.745 -11.495 -12.533 -13.228 -13.592 -13.723 -13.784 -13.646 
9.09091 -7.399 -9.793 -11.476 -12.456 -13.162 -13.685 -13.687 -13.683 -13.583 
9.29293 -7.520 -9.892 -11.423 -12.373 -13.281 -13.499 -13.787 -13.682 -13.507 
9.49495 -7.114 -9.826 -11.317 -12.396 -13.180 -13.452 -13.668 -13.696 -13.609 
9.69697 -7.075 -9.603 -11.295 -12.302 -13.068 -13.472 -13.606 -13.560 -13.591 
9.89899 -6.591 -9.306 -11.189 -12.252 -13.012 -13.357 -13.565 -13.624 -13.480 
10.10101 -6.536 -9.517 -10.928 -12.087 -12.849 -13.289 -13.486 -13.659 -13.491 
10.30303 -6.842 -8.974 -11.136 -12.049 -12.817 -13.244 -13.462 -13.598 -13.451 
10.50505 -6.128 -9.028 -10.759 -12.026 -12.825 -13.204 -13.501 -13.537 -13.280 
10.70707 -6.247 -8.912 -10.618 -11.972 -12.714 -13.072 -13.285 -13.390 -13.311 
10.90909 -5.879 -8.864 -10.606 -11.880 -12.716 -13.000 -13.277 -13.369 -13.301 
11.11111 -5.530 -8.462 -10.379 -11.788 -12.530 -12.964 -13.279 -13.307 -13.220 
11.31313 -5.780 -8.282 -10.321 -11.619 -12.539 -12.938 -13.309 -13.250 -13.173 
11.51515 -5.359 -8.634 -10.382 -11.634 -12.472 -12.862 -13.159 -13.314 -13.188 
11.71717 -5.389 -8.076 -10.281 -11.522 -12.366 -12.763 -13.211 -13.266 -13.155 
11.91919 -5.478 -8.164 -10.082 -11.426 -12.382 -12.789 -13.075 -13.227 -13.199 
12.12121 -5.260 -7.926 -9.934 -11.379 -12.246 -12.666 -13.028 -13.221 -13.070 
12.32323 -4.624 -7.780 -9.973 -11.278 -12.140 -12.644 -12.990 -13.139 -13.147 
12.52525 -4.762 -7.568 -9.769 -11.328 -12.150 -12.567 -12.989 -13.033 -13.158 
12.72727 -4.342 -7.648 -9.688 -11.028 -12.082 -12.532 -12.926 -13.079 -13.033 
12.92929 -4.452 -7.334 -9.521 -11.110 -12.014 -12.493 -12.853 -13.133 -12.976 
13.13131 -4.167 -7.125 -9.431 -10.886 -11.822 -12.316 -12.805 -12.981 -12.984 
13.33333 -4.079 -7.123 -9.237 -10.876 -11.826 -12.348 -12.784 -12.967 -12.917 
13.53535 -3.777 -7.277 -9.128 -10.816 -11.717 -12.262 -12.705 -13.013 -12.884 
13.73737 -4.276 -6.985 -9.038 -10.750 -11.679 -12.236 -12.655 -12.870 -12.889 
13.93939 -4.140 -6.771 -9.076 -10.684 -11.591 -12.225 -12.614 -12.902 -12.891 
14.14141 -3.484 -6.379 -8.911 -10.596 -11.604 -12.074 -12.587 -12.862 -12.920 
14.34343 -3.353 -6.531 -8.914 -10.540 -11.508 -12.132 -12.517 -12.810 -12.854 
14.54545 -3.264 -6.445 -8.973 -10.609 -11.504 -12.016 -12.536 -12.774 -12.812 
14.74747 -3.266 -6.464 -8.734 -10.435 -11.352 -11.961 -12.431 -12.815 -12.732 
14.94949 -3.088 -6.443 -8.759 -10.400 -11.346 -11.902 -12.431 -12.775 -12.807 
15.15152 -3.053 -6.306 -8.488 -10.342 -11.322 -11.921 -12.429 -12.784 -12.768 
15.35354 -2.778 -5.918 -8.474 -10.235 -11.327 -11.861 -12.393 -12.701 -12.829 
15.55556 -2.757 -5.842 -8.463 -10.224 -11.178 -11.738 -12.345 -12.606 -12.855 
15.75758 -2.696 -5.730 -8.153 -9.999 -11.139 -11.821 -12.306 -12.584 -12.730 
15.95960 -2.470 -5.623 -8.160 -10.015 -11.128 -11.807 -12.281 -12.689 -12.713 
16.16162 -2.263 -5.336 -8.145 -9.962 -11.076 -11.697 -12.254 -12.597 -12.732 
16.36364 -2.199 -5.312 -7.791 -9.804 -11.012 -11.634 -12.277 -12.588 -12.682 
16.56566 -2.114 -5.596 -7.808 -9.795 -11.053 -11.551 -12.197 -12.600 -12.653 
16.76768 -1.851 -5.317 -7.909 -9.716 -10.896 -11.599 -12.163 -12.592 -12.619 
16.96970 -1.737 -5.345 -7.866 -9.566 -10.896 -11.496 -12.122 -12.531 -12.652 
17.17172 -1.656 -4.925 -7.699 -9.549 -10.853 -11.485 -12.113 -12.572 -12.636 
17.37374 -1.507 -4.895 -7.643 -9.497 -10.732 -11.423 -12.070 -12.496 -12.614 
17.57576 -1.727 -4.871 -7.392 -9.442 -10.788 -11.399 -12.103 -12.479 -12.657 
17.77778 -1.268 -4.683 -7.464 -9.541 -10.752 -11.345 -12.022 -12.460 -12.645 
17.97980 -1.188 -4.639 -7.304 -9.297 -10.617 -11.306 -12.046 -12.444 -12.566 
18.18182 -1.050 -4.413 -7.423 -9.349 -10.741 -11.303 -12.049 -12.405 -12.615 
18.38384 -0.952 -4.212 -7.208 -9.217 -10.530 -11.300 -11.926 -12.418 -12.622 
18.58586 -0.875 -4.033 -7.191 -9.227 -10.585 -11.247 -11.901 -12.399 -12.557 
18.78788 -0.800 -4.267 -7.003 -9.066 -10.448 -11.118 -11.870 -12.379 -12.626 
18.98990 -0.747 -4.255 -7.048 -9.097 -10.444 -11.177 -11.854 -12.361 -12.571 
19.19192 -0.671 -3.573 -6.758 -9.157 -10.297 -11.063 -11.809 -12.367 -12.583 
19.39394 -0.634 -3.631 -6.625 -8.979 -10.274 -11.092 -11.755 -12.338 -12.477 
19.59596 -0.518 -3.440 -6.712 -8.930 -10.260 -10.952 -11.766 -12.238 -12.394 
19.79798 -0.427 -3.274 -6.677 -8.812 -10.200 -10.926 -11.703 -12.207 -12.359 
20.00000 -0.423 -3.693 -6.880 -8.569 -10.019 -10.802 -11.620 -12.074 -12.393 
