# t[days] u g r i z y J H K
0.20202 -11.288 -10.873 -12.619 -13.217 -12.025 -7.241 -9.446 -6.192 -5.704 
0.40404 -14.045 -14.677 -15.087 -14.732 -13.896 -13.789 -13.125 -12.458 -13.315 
0.60606 -14.540 -15.525 -16.020 -15.801 -15.142 -14.223 -14.240 -14.155 -13.053 
0.80808 -14.721 -15.861 -16.396 -16.321 -15.887 -14.998 -14.489 -14.027 -13.961 
1.01010 -14.793 -16.058 -16.553 -16.401 -15.955 -15.534 -14.920 -14.333 -13.680 
1.21212 -14.587 -16.029 -16.633 -16.417 -16.110 -15.621 -15.129 -14.870 -14.484 
1.41414 -14.309 -15.954 -16.531 -16.417 -16.018 -15.696 -15.157 -14.670 -14.833 
1.61616 -13.801 -15.699 -16.425 -16.223 -15.882 -15.628 -15.224 -14.904 -14.637 
1.81818 -13.391 -15.478 -16.232 -16.136 -15.793 -15.480 -15.204 -15.026 -14.825 
2.02020 -13.107 -15.257 -16.015 -15.970 -15.525 -15.413 -15.091 -14.930 -14.779 
2.22222 -12.437 -14.883 -15.787 -15.712 -15.453 -15.164 -14.879 -15.021 -14.903 
2.42424 -11.974 -14.532 -15.504 -15.482 -15.384 -15.307 -15.042 -14.714 -14.839 
2.62626 -11.666 -14.100 -15.080 -15.289 -15.150 -14.914 -14.922 -14.796 -14.651 
2.82828 -11.248 -13.821 -14.827 -15.074 -15.006 -14.838 -14.589 -14.751 -14.503 
3.03030 -10.928 -13.534 -14.484 -14.704 -14.743 -14.743 -14.457 -14.450 -14.374 
3.23232 -10.541 -13.210 -14.277 -14.517 -14.430 -14.651 -14.511 -14.546 -14.357 
3.43434 -10.171 -12.838 -13.966 -14.210 -14.423 -14.357 -14.420 -14.421 -14.175 
3.63636 -9.915 -12.555 -13.836 -14.116 -14.222 -14.325 -14.218 -14.220 -14.266 
3.83838 -9.754 -12.253 -13.576 -14.005 -14.130 -14.255 -14.102 -14.140 -14.192 
4.04040 -9.459 -12.143 -13.261 -13.641 -13.967 -13.998 -14.192 -14.069 -14.151 
4.24242 -9.292 -11.851 -13.125 -13.609 -13.787 -13.927 -13.948 -13.956 -13.972 
4.44444 -9.096 -11.744 -13.003 -13.454 -13.738 -13.886 -13.867 -14.024 -14.041 
4.64646 -8.766 -11.543 -12.817 -13.415 -13.603 -13.812 -13.835 -13.957 -13.836 
4.84848 -8.621 -11.231 -12.515 -13.098 -13.526 -13.708 -13.690 -13.843 -13.722 
5.05051 -8.340 -11.047 -12.441 -13.062 -13.368 -13.547 -13.661 -13.774 -13.807 
5.25253 -8.262 -10.833 -12.239 -12.941 -13.372 -13.464 -13.577 -13.792 -13.916 
5.45455 -8.035 -10.746 -12.126 -12.812 -13.192 -13.427 -13.492 -13.728 -13.870 
5.65657 -7.831 -10.545 -11.864 -12.725 -13.130 -13.294 -13.408 -13.624 -13.649 
5.85859 -7.730 -10.370 -11.896 -12.614 -13.097 -13.385 -13.380 -13.490 -13.558 
6.06061 -7.422 -10.041 -11.664 -12.508 -13.024 -13.180 -13.418 -13.462 -13.490 
6.26263 -7.209 -9.961 -11.491 -12.397 -12.928 -13.142 -13.313 -13.417 -13.590 
6.46465 -6.961 -9.767 -11.493 -12.261 -12.828 -13.122 -13.221 -13.420 -13.562 
6.66667 -6.820 -9.522 -11.273 -12.123 -12.727 -12.994 -13.207 -13.299 -13.550 
6.86869 -6.578 -9.609 -11.128 -12.036 -12.610 -12.968 -13.054 -13.295 -13.463 
7.07071 -6.392 -9.215 -11.115 -11.961 -12.585 -12.864 -13.054 -13.307 -13.468 
7.27273 -6.304 -8.979 -10.920 -11.957 -12.470 -12.716 -12.974 -13.199 -13.304 
7.47475 -6.100 -9.028 -10.824 -11.809 -12.331 -12.695 -12.911 -13.137 -13.352 
7.67677 -6.011 -8.584 -10.648 -11.623 -12.266 -12.579 -12.867 -13.041 -13.265 
7.87879 -5.730 -8.500 -10.448 -11.549 -12.268 -12.467 -12.754 -13.058 -13.260 
8.08081 -5.854 -8.530 -10.296 -11.514 -12.185 -12.390 -12.719 -12.975 -13.175 
8.28283 -5.307 -8.327 -10.149 -11.285 -11.989 -12.323 -12.691 -12.895 -13.124 
8.48485 -5.157 -8.154 -10.209 -11.267 -12.053 -12.198 -12.630 -12.896 -13.075 
8.68687 -5.065 -8.013 -9.913 -11.151 -11.940 -12.234 -12.548 -12.801 -13.004 
8.88889 -4.831 -7.858 -9.812 -11.108 -11.819 -12.121 -12.405 -12.787 -12.994 
9.09091 -4.681 -7.567 -9.754 -10.899 -11.747 -12.052 -12.412 -12.745 -12.925 
9.29293 -4.393 -7.309 -9.575 -10.812 -11.701 -12.057 -12.378 -12.736 -12.880 
9.49495 -4.269 -7.168 -9.413 -10.702 -11.536 -11.902 -12.306 -12.576 -12.838 
9.69697 -4.285 -7.214 -9.240 -10.692 -11.504 -11.904 -12.244 -12.577 -12.764 
9.89899 -3.902 -6.949 -9.168 -10.548 -11.385 -11.845 -12.147 -12.512 -12.779 
10.10101 -3.792 -6.942 -9.293 -10.459 -11.397 -11.752 -12.203 -12.474 -12.717 
10.30303 -3.529 -6.745 -8.912 -10.417 -11.331 -11.755 -12.104 -12.460 -12.714 
10.50505 -3.538 -6.542 -8.748 -10.287 -11.315 -11.686 -12.072 -12.365 -12.673 
10.70707 -3.259 -6.194 -8.682 -10.257 -11.137 -11.610 -12.090 -12.391 -12.584 
10.90909 -2.977 -6.176 -8.730 -10.276 -11.157 -11.585 -11.974 -12.393 -12.598 
11.11111 -2.858 -6.152 -8.578 -10.119 -11.072 -11.505 -11.989 -12.335 -12.534 
11.31313 -2.849 -5.889 -8.469 -10.071 -10.970 -11.474 -11.921 -12.275 -12.473 
11.51515 -3.496 -5.904 -8.352 -10.045 -10.920 -11.395 -11.902 -12.253 -12.493 
11.71717 -2.452 -5.795 -8.224 -9.887 -10.866 -11.368 -11.864 -12.174 -12.473 
11.91919 -2.415 -5.623 -8.254 -9.904 -10.860 -11.311 -11.786 -12.216 -12.405 
12.12121 -2.194 -5.484 -8.128 -9.884 -10.776 -11.327 -11.848 -12.235 -12.446 
12.32323 -2.143 -5.168 -8.114 -9.698 -10.725 -11.225 -11.740 -12.117 -12.437 
12.52525 -2.461 -5.048 -7.814 -9.685 -10.706 -11.243 -11.697 -12.074 -12.329 
12.72727 -1.941 -5.473 -7.883 -9.562 -10.649 -11.208 -11.688 -12.067 -12.377 
12.92929 -1.841 -5.356 -7.683 -9.513 -10.537 -11.250 -11.659 -12.089 -12.330 
13.13131 -1.745 -4.696 -7.642 -9.473 -10.496 -11.043 -11.612 -12.047 -12.295 
13.33333 -1.626 -5.008 -7.702 -9.389 -10.511 -11.039 -11.620 -12.095 -12.326 
13.53535 -1.531 -4.949 -7.440 -9.223 -10.408 -10.961 -11.558 -11.949 -12.230 
13.73737 -1.751 -4.300 -7.368 -9.225 -10.430 -10.952 -11.559 -11.917 -12.269 
13.93939 -1.314 -4.268 -7.142 -9.238 -10.393 -10.878 -11.528 -11.979 -12.239 
14.14141 -1.134 -4.418 -7.117 -9.156 -10.275 -10.892 -11.464 -11.878 -12.178 
14.34343 -1.034 -3.892 -7.649 -9.116 -10.277 -10.854 -11.457 -11.968 -12.103 
14.54545 -0.909 -4.207 -7.098 -9.074 -10.167 -10.750 -11.405 -11.897 -12.172 
14.74747 -0.757 -3.746 -6.980 -8.917 -10.071 -10.698 -11.422 -11.820 -12.102 
14.94949 -0.760 -3.941 -6.739 -8.774 -10.055 -10.661 -11.339 -11.836 -12.080 
15.15152 -0.475 -4.396 -6.518 -8.773 -10.045 -10.602 -11.306 -11.796 -12.090 
15.35354 -0.308 -3.294 -6.504 -8.673 -9.947 -10.617 -11.286 -11.740 -12.069 
15.55556 -0.219 -3.357 -6.489 -8.551 -10.019 -10.603 -11.217 -11.733 -12.038 
15.75758 -0.040 -3.895 -6.371 -8.556 -9.853 -10.530 -11.214 -11.679 -12.064 
15.95960 0.107 -3.578 -6.479 -8.502 -9.814 -10.446 -11.192 -11.665 -12.014 
16.16162 0.279 -2.797 -6.235 -8.492 -9.749 -10.419 -11.112 -11.619 -11.894 
16.36364 0.430 -2.548 -6.274 -8.421 -9.745 -10.450 -11.075 -11.549 -11.944 
16.56566 0.539 -2.440 -5.861 -8.358 -9.689 -10.360 -11.050 -11.602 -11.959 
16.76768 0.626 -2.499 -5.914 -8.298 -9.561 -10.275 -10.993 -11.540 -11.890 
16.96970 0.769 -2.270 -5.877 -8.254 -9.459 -10.209 -10.970 -11.514 -11.880 
17.17172 0.884 -2.453 -6.068 -8.119 -9.558 -10.164 -10.908 -11.496 -11.839 
17.37374 1.009 -3.060 -5.818 -8.159 -9.505 -10.111 -10.940 -11.472 -11.796 
17.57576 1.174 -2.256 -5.770 -8.079 -9.319 -10.022 -10.883 -11.431 -11.749 
17.77778 1.298 -2.823 -5.561 -7.819 -9.371 -10.000 -10.855 -11.408 -11.734 
17.97980 1.504 -1.775 -5.419 -7.951 -9.266 -10.041 -10.813 -11.404 -11.776 
18.18182 1.566 -1.633 -5.427 -7.921 -9.195 -10.016 -10.694 -11.417 -11.700 
18.38384 1.715 -1.378 -5.491 -7.814 -9.200 -9.893 -10.713 -11.323 -11.746 
18.58586 1.847 -2.475 -5.149 -7.875 -9.110 -9.780 -10.654 -11.286 -11.654 
18.78788 2.132 -1.145 -5.133 -7.619 -8.991 -9.764 -10.603 -11.253 -11.660 
18.98990 1.984 -1.262 -5.068 -7.544 -8.997 -9.656 -10.575 -11.194 -11.632 
19.19192 2.345 -0.930 -5.174 -7.470 -8.880 -9.592 -10.479 -11.170 -11.539 
19.39394 2.400 -1.259 -4.710 -7.380 -8.813 -9.625 -10.464 -11.101 -11.517 
19.59596 2.605 -2.108 -4.790 -7.295 -8.725 -9.491 -10.389 -11.068 -11.378 
19.79798 2.586 -0.390 -4.500 -7.200 -8.556 -9.404 -10.235 -10.939 -11.333 
20.00000 2.721 -0.329 -4.056 -6.864 -8.484 -9.354 -10.152 -10.811 -11.193 
