# t[days] u g r i z y J H K
0.20202 -11.457 -11.996 -12.324 -11.667 -11.861 -12.711 -12.198 -8.313 -10.691 
0.40404 -12.560 -13.701 -13.902 -13.993 -14.497 -13.694 -12.499 -12.937 -13.361 
0.60606 -12.879 -13.698 -14.495 -14.545 -14.580 -14.592 -13.963 -13.101 -14.233 
0.80808 -12.063 -13.664 -14.502 -14.774 -14.608 -14.771 -14.696 -13.855 -14.121 
1.01010 -11.231 -13.573 -14.244 -14.650 -15.155 -15.280 -14.895 -14.475 -14.275 
1.21212 -11.073 -13.157 -14.479 -15.102 -15.311 -15.209 -15.156 -14.812 -14.686 
1.41414 -11.055 -12.984 -14.415 -15.177 -15.226 -15.475 -15.434 -15.168 -14.573 
1.61616 -11.123 -12.832 -14.131 -15.167 -15.549 -15.496 -15.426 -15.233 -15.169 
1.81818 -10.959 -12.489 -14.096 -14.954 -15.256 -15.463 -15.398 -15.201 -14.921 
2.02020 -10.778 -12.236 -13.879 -14.832 -15.229 -15.443 -15.265 -15.347 -15.216 
2.22222 -10.677 -12.186 -13.666 -14.721 -15.119 -15.380 -15.273 -15.140 -15.097 
2.42424 -10.446 -11.912 -13.485 -14.462 -15.037 -15.143 -15.084 -15.154 -14.918 
2.62626 -10.309 -11.769 -13.194 -14.299 -14.812 -15.053 -15.013 -14.991 -14.918 
2.82828 -10.232 -11.728 -13.094 -14.235 -14.884 -15.004 -14.925 -14.824 -14.802 
3.03030 -10.056 -11.638 -12.990 -14.105 -14.614 -14.814 -14.724 -14.744 -14.557 
3.23232 -9.965 -11.610 -12.923 -13.935 -14.548 -14.766 -14.630 -14.644 -14.562 
3.43434 -9.777 -11.476 -12.753 -13.784 -14.408 -14.616 -14.558 -14.406 -14.408 
3.63636 -9.674 -11.337 -12.675 -13.641 -14.186 -14.427 -14.478 -14.347 -14.414 
3.83838 -9.423 -11.372 -12.601 -13.611 -14.196 -14.333 -14.322 -14.213 -14.092 
4.04040 -9.466 -11.153 -12.446 -13.456 -13.980 -14.295 -14.080 -14.202 -13.989 
4.24242 -9.048 -10.897 -12.354 -13.300 -13.882 -14.130 -14.067 -13.868 -13.724 
4.44444 -8.925 -10.813 -12.183 -13.112 -13.753 -14.025 -13.981 -13.947 -13.785 
4.64646 -8.798 -10.784 -12.129 -13.141 -13.640 -13.883 -13.865 -13.599 -13.737 
4.84848 -8.313 -10.664 -12.044 -13.055 -13.592 -13.754 -13.722 -13.575 -13.680 
5.05051 -8.156 -10.514 -11.938 -12.831 -13.494 -13.663 -13.683 -13.664 -13.492 
5.25253 -8.091 -10.334 -11.831 -12.765 -13.363 -13.623 -13.492 -13.419 -13.398 
5.45455 -8.116 -10.141 -11.642 -12.646 -13.233 -13.528 -13.510 -13.248 -13.339 
5.65657 -7.665 -10.057 -11.565 -12.522 -13.123 -13.346 -13.329 -13.270 -13.083 
5.85859 -7.634 -9.893 -11.414 -12.404 -13.018 -13.286 -13.259 -13.161 -13.057 
6.06061 -7.196 -9.678 -11.274 -12.255 -12.904 -13.144 -13.151 -13.020 -12.919 
6.26263 -6.884 -9.595 -11.079 -12.116 -12.852 -13.083 -13.106 -13.011 -12.775 
6.46465 -6.615 -9.407 -10.993 -12.083 -12.651 -13.003 -13.038 -12.913 -12.836 
6.66667 -6.513 -9.121 -10.876 -11.972 -12.638 -12.906 -12.932 -12.865 -12.781 
6.86869 -6.122 -8.890 -10.793 -11.881 -12.476 -12.871 -12.784 -12.793 -12.766 
7.07071 -6.018 -8.829 -10.608 -11.766 -12.403 -12.744 -12.843 -12.703 -12.719 
7.27273 -5.752 -8.704 -10.421 -11.653 -12.311 -12.554 -12.724 -12.691 -12.684 
7.47475 -5.662 -8.454 -10.409 -11.650 -12.244 -12.572 -12.670 -12.659 -12.443 
7.67677 -5.915 -8.372 -10.301 -11.551 -12.139 -12.547 -12.661 -12.619 -12.531 
7.87879 -5.139 -8.223 -10.159 -11.447 -12.152 -12.445 -12.571 -12.628 -12.454 
8.08081 -4.868 -8.102 -10.056 -11.372 -12.050 -12.357 -12.580 -12.547 -12.413 
8.28283 -4.639 -7.951 -9.927 -11.245 -11.950 -12.258 -12.472 -12.548 -12.398 
8.48485 -4.490 -7.795 -9.873 -11.143 -11.860 -12.242 -12.458 -12.484 -12.414 
8.68687 -4.055 -7.810 -9.671 -11.131 -11.934 -12.211 -12.403 -12.454 -12.279 
8.88889 -5.775 -7.417 -9.639 -11.055 -11.797 -12.145 -12.406 -12.437 -12.372 
9.09091 -4.125 -7.312 -9.585 -10.974 -11.732 -12.086 -12.358 -12.397 -12.299 
9.29293 -3.188 -7.046 -9.414 -10.838 -11.693 -12.064 -12.306 -12.329 -12.330 
9.49495 -3.385 -6.966 -9.312 -10.799 -11.620 -12.008 -12.294 -12.358 -12.289 
9.69697 -2.895 -6.955 -9.201 -10.719 -11.516 -11.983 -12.226 -12.325 -12.343 
9.89899 -2.908 -6.797 -9.082 -10.637 -11.464 -11.869 -12.200 -12.317 -12.254 
10.10101 -2.579 -6.575 -9.031 -10.529 -11.448 -11.870 -12.152 -12.292 -12.312 
10.30303 -2.482 -6.617 -8.945 -10.484 -11.326 -11.802 -12.172 -12.285 -12.223 
10.50505 -2.243 -6.459 -8.831 -10.402 -11.334 -11.710 -12.089 -12.222 -12.218 
10.70707 -2.135 -6.289 -8.699 -10.350 -11.215 -11.640 -12.037 -12.240 -12.252 
10.90909 -2.432 -6.117 -8.640 -10.278 -11.232 -11.597 -12.022 -12.169 -12.176 
11.11111 -1.756 -5.900 -8.569 -10.120 -11.101 -11.585 -11.985 -12.186 -12.216 
11.31313 -1.613 -5.718 -8.420 -10.163 -11.048 -11.561 -11.972 -12.192 -12.193 
11.51515 -1.316 -5.746 -8.297 -10.065 -11.017 -11.454 -11.889 -12.098 -12.172 
11.71717 -1.330 -5.567 -8.305 -9.982 -10.900 -11.432 -11.849 -12.073 -12.121 
11.91919 -1.014 -5.250 -8.119 -9.923 -10.821 -11.378 -11.818 -12.054 -12.125 
12.12121 -0.771 -5.113 -7.990 -9.801 -10.845 -11.315 -11.793 -12.018 -12.072 
12.32323 -0.563 -5.064 -7.885 -9.745 -10.723 -11.226 -11.730 -12.012 -12.068 
12.52525 -0.547 -4.779 -7.811 -9.673 -10.707 -11.191 -11.658 -11.965 -12.098 
12.72727 -0.900 -4.845 -7.763 -9.541 -10.592 -11.181 -11.615 -11.926 -12.026 
12.92929 -0.180 -4.469 -7.597 -9.522 -10.570 -11.067 -11.578 -11.889 -11.929 
13.13131 -0.007 -4.355 -7.422 -9.473 -10.530 -10.999 -11.524 -11.819 -12.002 
13.33333 0.057 -4.584 -7.416 -9.353 -10.439 -10.981 -11.508 -11.874 -11.941 
13.53535 0.279 -4.827 -7.398 -9.245 -10.358 -10.868 -11.412 -11.797 -11.908 
13.73737 0.477 -4.245 -7.234 -9.192 -10.257 -10.801 -11.373 -11.753 -11.861 
13.93939 0.664 -3.644 -7.137 -9.141 -10.271 -10.753 -11.339 -11.667 -11.919 
14.14141 0.775 -4.001 -7.055 -9.096 -10.075 -10.656 -11.297 -11.712 -11.861 
14.34343 0.966 -3.800 -6.844 -8.953 -10.069 -10.590 -11.197 -11.659 -11.795 
14.54545 1.306 -3.828 -6.845 -8.915 -9.977 -10.543 -11.171 -11.620 -11.762 
14.74747 1.292 -3.658 -6.751 -8.714 -9.938 -10.473 -11.112 -11.548 -11.744 
14.94949 1.383 -3.426 -6.789 -8.712 -9.907 -10.361 -11.062 -11.523 -11.736 
15.15152 1.737 -3.411 -6.578 -8.660 -9.793 -10.347 -11.092 -11.519 -11.738 
15.35354 1.912 -3.101 -6.387 -8.565 -9.729 -10.279 -11.000 -11.421 -11.668 
15.55556 1.970 -2.889 -6.506 -8.432 -9.677 -10.222 -10.864 -11.433 -11.627 
15.75758 2.254 -2.803 -6.289 -8.402 -9.489 -10.215 -10.871 -11.358 -11.561 
15.95960 2.303 -2.605 -6.031 -8.311 -9.540 -10.061 -10.782 -11.316 -11.552 
16.16162 1.408 -2.495 -6.096 -8.272 -9.422 -9.975 -10.788 -11.314 -11.558 
16.36364 2.600 -2.245 -5.978 -8.224 -9.312 -9.919 -10.709 -11.196 -11.506 
16.56566 2.965 -1.899 -5.882 -8.150 -9.306 -9.888 -10.654 -11.209 -11.482 
16.76768 3.052 -2.373 -5.870 -7.895 -9.292 -9.849 -10.570 -11.134 -11.449 
16.96970 3.173 -1.974 -5.783 -7.869 -9.073 -9.784 -10.516 -11.144 -11.443 
17.17172 3.291 -1.844 -5.658 -7.876 -9.044 -9.687 -10.419 -11.063 -11.338 
17.37374 3.544 -1.301 -5.562 -7.718 -9.002 -9.590 -10.411 -10.985 -11.333 
17.57576 3.656 -1.828 -5.446 -7.771 -8.973 -9.535 -10.393 -11.038 -11.402 
17.77778 3.043 -1.801 -5.345 -7.682 -8.934 -9.527 -10.309 -10.973 -11.303 
17.97980 3.892 -1.297 -5.362 -7.545 -9.019 -9.394 -10.281 -10.948 -11.270 
18.18182 4.066 -2.101 -5.096 -7.541 -8.745 -9.412 -10.268 -10.898 -11.225 
18.38384 4.176 -1.443 -5.222 -7.527 -8.745 -9.418 -10.221 -10.880 -11.234 
18.58586 4.341 -1.470 -5.097 -7.423 -8.613 -9.236 -10.140 -10.822 -11.192 
18.78788 4.586 -1.704 -4.856 -7.375 -8.550 -9.236 -10.097 -10.790 -11.187 
18.98990 4.453 -0.389 -4.788 -7.218 -8.436 -9.117 -10.035 -10.764 -11.154 
19.19192 4.701 -0.948 -4.874 -7.129 -8.354 -9.068 -9.966 -10.725 -11.095 
19.39394 4.999 -0.497 -4.809 -7.056 -8.441 -8.991 -9.895 -10.622 -11.060 
19.59596 5.060 -0.623 -4.463 -6.941 -8.233 -8.949 -9.828 -10.547 -10.950 
19.79798 5.204 -0.728 -4.404 -6.603 -8.042 -8.833 -9.746 -10.513 -10.830 
20.00000 5.040 0.274 -4.105 -6.512 -7.952 -8.578 -9.596 -10.348 -10.748 
