# t[days] u g r i z y J H K
0.20202 -12.694 -13.497 -13.235 -13.768 -13.103 -13.857 -12.752 -13.576 nan 
0.40404 -13.386 -14.877 -14.759 -14.646 -13.783 -13.352 -12.366 -11.287 -12.131 
0.60606 -14.365 -15.062 -14.883 -14.490 -13.833 -13.735 -13.470 -12.888 -13.760 
0.80808 -14.298 -14.688 -14.701 -14.974 -14.815 -13.901 -13.788 -13.577 -3.832 
1.01010 -13.787 -14.620 -14.601 -14.402 -14.239 -13.063 -13.196 -13.155 -11.845 
1.21212 -13.547 -14.335 -14.584 -14.375 -14.190 -14.077 -13.648 -14.250 -13.095 
1.41414 -12.694 -14.362 -14.331 -14.379 -14.536 -14.065 -14.293 -14.034 -14.314 
1.61616 -13.631 -15.051 -14.926 -15.495 -15.815 -15.547 -15.066 -14.696 -15.435 
1.81818 -14.267 -15.262 -15.573 -15.849 -15.939 -15.974 -15.914 -15.396 -15.287 
2.02020 -14.369 -15.438 -15.935 -15.963 -16.399 -16.421 -16.218 -15.743 -15.722 
2.22222 -14.166 -15.265 -15.794 -16.027 -16.223 -16.427 -16.145 -16.194 -16.057 
2.42424 -13.587 -15.105 -15.765 -16.094 -16.374 -16.487 -16.196 -16.007 -16.011 
2.62626 -13.924 -14.952 -15.489 -16.027 -16.334 -16.485 -16.138 -16.163 -16.039 
2.82828 -13.473 -14.382 -15.273 -15.813 -16.162 -16.400 -16.173 -16.102 -15.966 
3.03030 -13.517 -14.254 -15.093 -15.812 -16.106 -16.241 -16.280 -15.922 -15.716 
3.23232 -13.494 -14.316 -14.969 -15.466 -15.924 -16.073 -16.064 -15.928 -15.779 
3.43434 -13.587 -14.184 -14.839 -15.289 -15.892 -15.971 -15.949 -15.888 -15.588 
3.63636 -13.053 -13.952 -14.706 -15.335 -15.790 -15.985 -15.841 -15.734 -15.728 
3.83838 -13.236 -13.877 -14.743 -15.199 -15.684 -15.941 -15.769 -15.540 -15.532 
4.04040 -13.022 -13.692 -14.462 -15.094 -15.515 -15.785 -15.713 -15.395 -15.588 
4.24242 -13.024 -13.726 -14.312 -15.013 -15.518 -15.754 -15.520 -15.486 -15.390 
4.44444 -13.100 -13.641 -14.367 -14.810 -15.428 -15.653 -15.465 -15.204 -15.132 
4.64646 -12.396 -13.560 -14.264 -14.759 -15.255 -15.495 -15.408 -15.236 -14.854 
4.84848 -12.269 -13.345 -14.105 -14.763 -15.287 -15.367 -15.259 -15.074 -14.842 
5.05051 -12.077 -13.307 -14.115 -14.691 -15.076 -15.337 -15.320 -15.019 -14.807 
5.25253 -11.800 -13.075 -13.827 -14.545 -14.938 -15.227 -15.093 -14.806 -14.662 
5.45455 -11.637 -13.052 -13.807 -14.390 -14.967 -15.148 -15.079 -14.818 -14.438 
5.65657 -11.739 -13.089 -13.688 -14.272 -14.761 -15.030 -15.060 -14.782 -14.595 
5.85859 -11.393 -12.645 -13.579 -14.114 -14.791 -15.008 -14.942 -14.690 -14.557 
6.06061 -11.027 -12.567 -13.372 -14.178 -14.657 -14.904 -14.843 -14.585 -14.609 
6.26263 -11.095 -12.494 -13.411 -14.093 -14.598 -14.980 -14.831 -14.651 -14.341 
6.46465 -10.981 -12.345 -13.379 -14.077 -14.648 -14.939 -14.739 -14.516 -14.337 
6.66667 -10.571 -12.164 -13.301 -13.972 -14.374 -14.660 -14.761 -14.499 -14.109 
6.86869 -10.341 -12.121 -13.198 -13.851 -14.384 -14.680 -14.556 -14.480 -13.964 
7.07071 -10.396 -11.829 -12.853 -13.743 -14.336 -14.575 -14.584 -14.333 -14.011 
7.27273 -9.923 -11.790 -12.882 -13.552 -14.308 -14.493 -14.450 -14.334 -14.032 
7.47475 -9.594 -11.606 -12.838 -13.587 -14.174 -14.481 -14.504 -14.318 -14.258 
7.67677 -9.853 -11.544 -12.701 -13.452 -14.094 -14.304 -14.337 -14.280 -13.994 
7.87879 -9.338 -11.294 -12.662 -13.460 -14.044 -14.372 -14.374 -14.267 -14.075 
8.08081 -9.046 -11.125 -12.495 -13.366 -14.028 -14.229 -14.319 -14.063 -13.929 
8.28283 -9.137 -11.203 -12.491 -13.208 -13.898 -14.231 -14.205 -14.063 -13.875 
8.48485 -9.104 -10.976 -12.212 -13.214 -13.686 -14.093 -14.141 -14.016 -13.841 
8.68687 -8.748 -10.695 -12.104 -13.043 -13.630 -14.041 -14.155 -14.027 -13.778 
8.88889 -8.391 -10.803 -12.080 -13.020 -13.622 -13.947 -14.097 -14.058 -13.801 
9.09091 -8.231 -10.392 -11.911 -12.976 -13.467 -13.945 -13.995 -13.908 -13.789 
9.29293 -7.793 -10.293 -11.943 -12.835 -13.457 -13.797 -14.015 -14.015 -13.752 
9.49495 -8.328 -10.377 -11.814 -12.810 -13.357 -13.699 -13.914 -13.902 -13.664 
9.69697 -7.651 -10.143 -11.682 -12.675 -13.377 -13.792 -13.891 -13.787 -13.633 
9.89899 -7.210 -9.955 -11.477 -12.503 -13.233 -13.577 -13.785 -13.752 -13.640 
10.10101 -7.845 -9.625 -11.425 -12.607 -13.160 -13.534 -13.750 -13.752 -13.537 
10.30303 -7.031 -9.821 -11.284 -12.351 -13.165 -13.432 -13.649 -13.745 -13.587 
10.50505 -6.715 -9.631 -11.246 -12.350 -13.112 -13.377 -13.739 -13.642 -13.526 
10.70707 -6.546 -9.594 -11.164 -12.324 -13.021 -13.341 -13.643 -13.756 -13.495 
10.90909 -6.712 -9.145 -10.983 -11.972 -12.813 -13.374 -13.527 -13.656 -13.425 
11.11111 -6.043 -9.070 -10.892 -12.042 -12.747 -13.303 -13.530 -13.567 -13.411 
11.31313 -5.972 -8.947 -10.859 -12.146 -12.691 -13.220 -13.441 -13.602 -13.326 
11.51515 -6.010 -8.654 -10.685 -12.014 -12.743 -13.140 -13.444 -13.527 -13.503 
11.71717 -5.243 -8.615 -10.669 -11.811 -12.614 -13.045 -13.415 -13.502 -13.270 
11.91919 -5.558 -8.601 -10.426 -11.811 -12.579 -13.042 -13.255 -13.501 -13.283 
12.12121 -5.090 -8.611 -10.344 -11.507 -12.443 -12.906 -13.283 -13.338 -13.167 
12.32323 -4.689 -8.224 -10.334 -11.478 -12.467 -12.808 -13.231 -13.280 -13.222 
12.52525 -4.997 -7.931 -10.116 -11.479 -12.308 -12.794 -13.106 -13.202 -13.132 
12.72727 -4.411 -7.953 -9.964 -11.354 -12.201 -12.758 -13.076 -13.224 -13.168 
12.92929 -4.109 -8.044 -9.981 -11.294 -12.248 -12.719 -13.040 -13.242 -13.219 
13.13131 -4.530 -7.528 -10.059 -11.151 -11.956 -12.593 -12.983 -13.109 -13.078 
13.33333 -4.335 -7.420 -9.657 -11.220 -12.058 -12.622 -12.909 -13.140 -13.050 
13.53535 -4.750 -7.459 -9.636 -11.106 -11.989 -12.460 -12.855 -13.150 -13.130 
13.73737 -5.289 -7.513 -9.468 -10.914 -11.926 -12.428 -12.831 -13.014 -13.051 
13.93939 -4.040 -7.265 -9.457 -11.051 -11.915 -12.347 -12.820 -12.996 -13.080 
14.14141 -3.707 -6.848 -9.165 -10.779 -11.771 -12.335 -12.788 -12.980 -13.063 
14.34343 -4.355 -6.816 -9.143 -10.652 -11.660 -12.224 -12.693 -12.968 -12.937 
14.54545 -4.068 -6.570 -9.133 -10.592 -11.637 -12.210 -12.700 -13.037 -12.921 
14.74747 -3.229 -6.492 -8.986 -10.527 -11.604 -12.108 -12.667 -12.936 -12.915 
14.94949 -3.094 -6.396 -8.813 -10.589 -11.488 -12.062 -12.587 -12.926 -12.892 
15.15152 -3.190 -6.474 -8.727 -10.471 -11.400 -11.984 -12.563 -12.842 -12.994 
15.35354 -4.168 -6.664 -8.655 -10.303 -11.374 -11.989 -12.586 -12.914 -12.876 
15.55556 -2.809 -6.612 -8.552 -10.281 -11.378 -11.896 -12.506 -12.786 -12.842 
15.75758 -2.587 -6.216 -8.482 -10.209 -11.365 -11.942 -12.492 -12.769 -12.811 
15.95960 -2.486 -6.134 -8.314 -10.193 -11.225 -11.816 -12.476 -12.735 -12.875 
16.16162 -2.327 -5.924 -8.225 -10.174 -11.170 -11.765 -12.409 -12.793 -12.823 
16.36364 -2.181 -5.616 -8.297 -10.021 -11.145 -11.764 -12.368 -12.697 -12.823 
16.56566 -2.051 -5.148 -8.085 -10.021 -11.125 -11.717 -12.333 -12.748 -12.813 
16.76768 -2.080 -5.230 -8.131 -9.832 -10.995 -11.627 -12.324 -12.720 -12.781 
16.96970 -1.791 -5.068 -7.919 -9.933 -11.006 -11.674 -12.262 -12.638 -12.839 
17.17172 -1.674 -5.391 -7.817 -9.733 -10.918 -11.634 -12.218 -12.631 -12.736 
17.37374 -1.534 -4.819 -7.801 -9.699 -11.008 -11.568 -12.242 -12.672 -12.723 
17.57576 -1.416 -4.970 -7.687 -9.652 -10.861 -11.524 -12.233 -12.745 -12.700 
17.77778 -1.313 -5.022 -7.559 -9.619 -10.731 -11.472 -12.158 -12.613 -12.749 
17.97980 -1.150 -4.640 -7.497 -9.449 -10.748 -11.473 -12.227 -12.592 -12.672 
18.18182 -1.070 -4.432 -7.444 -9.568 -10.751 -11.422 -12.135 -12.577 -12.706 
18.38384 -1.006 -4.751 -7.427 -9.450 -10.658 -11.433 -12.100 -12.521 -12.695 
18.58586 -0.882 -5.308 -7.417 -9.368 -10.740 -11.421 -12.053 -12.515 -12.654 
18.78788 -1.311 -4.471 -7.293 -9.364 -10.637 -11.333 -12.043 -12.521 -12.703 
18.98990 -0.767 -4.176 -7.163 -9.265 -10.578 -11.290 -12.047 -12.495 -12.718 
19.19192 -0.630 -4.071 -7.118 -9.187 -10.513 -11.246 -11.933 -12.450 -12.701 
19.39394 -0.676 -4.033 -6.910 -9.150 -10.399 -11.117 -11.908 -12.471 -12.654 
19.59596 -0.540 -3.424 -6.798 -9.036 -10.394 -11.117 -11.840 -12.396 -12.503 
19.79798 -0.509 -3.623 -6.776 -8.912 -10.259 -11.008 -11.873 -12.326 -12.565 
20.00000 -0.377 -3.004 -6.544 -8.669 -10.115 -10.927 -11.701 -12.219 -12.416 
