# t[days] u g r i z y J H K
0.20202 -10.982 -10.885 -10.511 -12.190 -11.637 -11.481 -12.051 -7.895 -5.820 
0.40404 -12.922 -13.390 -14.336 -14.774 -14.548 -14.004 -12.928 -13.906 -13.436 
0.60606 -13.704 -14.547 -14.720 -15.037 -15.527 -14.487 -14.511 -14.784 -13.127 
0.80808 -13.895 -15.015 -15.431 -15.755 -15.638 -15.721 -15.069 -14.533 -14.314 
1.01010 -14.370 -15.306 -15.771 -16.201 -15.919 -15.391 -15.351 -15.335 -15.222 
1.21212 -13.662 -15.255 -15.838 -16.083 -16.330 -16.272 -16.117 -15.557 -15.244 
1.41414 -13.898 -14.940 -15.838 -16.043 -16.262 -16.108 -16.160 -16.068 -15.635 
1.61616 -13.075 -14.763 -15.515 -16.186 -16.334 -16.255 -16.168 -16.262 -15.941 
1.81818 -12.474 -14.369 -15.385 -16.185 -16.669 -16.393 -16.414 -16.112 -16.130 
2.02020 -11.968 -14.345 -15.044 -15.914 -16.139 -16.143 -16.503 -16.303 -16.146 
2.22222 -11.786 -13.979 -14.921 -15.705 -15.799 -15.978 -16.307 -16.267 -16.082 
2.42424 -12.268 -13.644 -14.685 -15.606 -16.115 -16.060 -16.202 -16.148 -16.088 
2.62626 -11.271 -13.363 -14.543 -15.347 -15.720 -15.868 -16.072 -16.176 -16.176 
2.82828 -11.300 -13.138 -14.224 -15.144 -15.583 -15.716 -15.888 -16.227 -15.981 
3.03030 -11.293 -12.823 -14.020 -14.912 -15.348 -15.632 -15.691 -16.015 -16.284 
3.23232 -11.208 -12.547 -13.707 -14.837 -15.281 -15.532 -15.716 -15.987 -15.785 
3.43434 -11.096 -12.205 -13.362 -14.403 -15.247 -15.476 -15.684 -15.767 -15.880 
3.63636 -10.961 -11.891 -13.245 -14.457 -14.933 -15.289 -15.697 -15.734 -15.955 
3.83838 -10.835 -11.729 -13.060 -14.057 -14.834 -15.152 -15.343 -15.699 -15.831 
4.04040 -10.658 -11.595 -12.808 -14.066 -14.572 -14.973 -15.395 -15.620 -15.732 
4.24242 -10.511 -11.445 -12.738 -13.837 -14.538 -14.756 -15.205 -15.488 -15.669 
4.44444 -10.422 -11.438 -12.436 -13.610 -14.355 -14.804 -15.163 -15.539 -15.361 
4.64646 -10.223 -11.145 -12.176 -13.372 -14.429 -14.787 -15.084 -15.384 -15.680 
4.84848 -10.081 -10.875 -12.024 -13.290 -14.110 -14.667 -15.098 -15.186 -15.388 
5.05051 -9.922 -10.887 -12.201 -13.318 -14.093 -14.450 -14.896 -15.236 -15.357 
5.25253 -9.777 -10.620 -11.761 -13.163 -14.137 -14.470 -14.968 -15.158 -15.368 
5.45455 -9.619 -10.704 -11.710 -13.014 -13.925 -14.372 -14.791 -15.110 -15.201 
5.65657 -9.495 -10.380 -11.580 -13.112 -13.900 -14.350 -14.710 -15.052 -15.184 
5.85859 -9.328 -10.302 -11.583 -12.834 -13.843 -14.162 -14.550 -14.943 -15.172 
6.06061 -9.200 -10.333 -11.440 -12.780 -13.718 -14.210 -14.478 -14.973 -15.078 
6.26263 -9.105 -10.400 -11.519 -12.796 -13.734 -14.236 -14.433 -14.843 -15.005 
6.46465 -8.944 -10.062 -11.355 -12.776 -13.613 -13.980 -14.467 -14.810 -14.967 
6.66667 -8.766 -9.853 -11.262 -12.440 -13.535 -13.956 -14.197 -14.411 -14.845 
6.86869 -8.618 -9.759 -11.076 -12.691 -13.473 -13.970 -14.236 -14.640 -14.984 
7.07071 -8.488 -9.765 -11.154 -12.503 -13.557 -13.918 -14.151 -14.512 -14.746 
7.27273 -8.438 -9.852 -11.055 -12.437 -13.420 -13.733 -14.030 -14.490 -14.804 
7.47475 -8.339 -9.598 -10.956 -12.493 -13.355 -13.810 -14.060 -14.235 -14.682 
7.67677 -8.165 -9.620 -10.978 -12.370 -13.220 -13.714 -14.111 -14.330 -14.544 
7.87879 -7.989 -9.333 -10.781 -12.362 -13.320 -13.597 -13.943 -14.236 -14.521 
8.08081 -7.850 -9.249 -10.809 -12.180 -13.049 -13.502 -13.848 -14.048 -14.340 
8.28283 -7.721 -9.479 -11.080 -12.009 -13.041 -13.523 -13.813 -14.088 -14.431 
8.48485 -7.635 -9.346 -10.756 -12.128 -12.974 -13.415 -13.675 -13.950 -14.313 
8.68687 -7.446 -9.038 -10.612 -12.010 -12.988 -13.421 -13.638 -13.983 -14.229 
8.88889 -7.310 -9.045 -10.618 -11.935 -12.857 -13.249 -13.622 -13.918 -14.177 
9.09091 -7.181 -9.115 -10.754 -11.996 -12.876 -13.304 -13.554 -13.816 -14.171 
9.29293 -7.053 -8.777 -10.399 -11.908 -12.800 -13.247 -13.542 -13.873 -14.153 
9.49495 -6.943 -8.784 -10.488 -11.917 -12.754 -13.134 -13.514 -13.662 -13.990 
9.69697 -6.795 -8.622 -10.331 -11.746 -12.709 -13.115 -13.449 -13.727 -13.975 
9.89899 -6.698 -8.623 -10.310 -11.719 -12.612 -12.998 -13.395 -13.710 -13.876 
10.10101 -6.556 -8.454 -10.261 -11.646 -12.549 -13.005 -13.318 -13.560 -13.897 
10.30303 -6.621 -8.340 -10.119 -11.560 -12.575 -13.042 -13.260 -13.570 -13.897 
10.50505 -6.263 -8.460 -9.954 -11.611 -12.504 -12.984 -13.271 -13.523 -13.882 
10.70707 -6.126 -8.395 -10.009 -11.525 -12.440 -12.944 -13.260 -13.588 -13.848 
10.90909 -6.045 -8.006 -9.867 -11.413 -12.305 -12.829 -13.140 -13.391 -13.722 
11.11111 -5.916 -8.062 -9.916 -11.289 -12.332 -12.767 -13.194 -13.428 -13.640 
11.31313 -6.069 -8.074 -9.852 -11.398 -12.254 -12.723 -13.093 -13.373 -13.607 
11.51515 -5.559 -7.702 -9.591 -11.260 -12.364 -12.756 -13.129 -13.330 -13.448 
11.71717 -5.480 -7.689 -9.640 -11.170 -12.199 -12.614 -13.002 -13.289 -13.400 
11.91919 -5.376 -7.468 -9.495 -11.078 -12.093 -12.572 -12.897 -13.257 -13.389 
12.12121 -5.130 -7.521 -9.581 -11.040 -12.045 -12.572 -12.960 -13.166 -13.312 
12.32323 -5.115 -7.246 -9.433 -11.001 -11.888 -12.506 -12.880 -13.096 -13.268 
12.52525 -4.897 -7.282 -9.332 -10.899 -11.835 -12.451 -12.860 -13.085 -13.272 
12.72727 -4.699 -7.144 -9.191 -10.879 -11.852 -12.427 -12.789 -13.013 -13.264 
12.92929 -4.673 -6.926 -9.073 -10.735 -11.836 -12.346 -12.786 -13.087 -13.237 
13.13131 -4.621 -6.777 -9.100 -10.778 -11.715 -12.248 -12.732 -13.010 -13.258 
13.33333 -4.400 -6.601 -8.923 -10.663 -11.766 -12.236 -12.640 -12.932 -13.145 
13.53535 -4.483 -6.711 -9.001 -10.665 -11.535 -12.155 -12.631 -12.860 -13.083 
13.73737 -4.062 -6.679 -8.858 -10.516 -11.605 -12.148 -12.620 -12.877 -13.185 
13.93939 -4.004 -6.447 -8.674 -10.424 -11.486 -12.042 -12.524 -12.843 -12.941 
14.14141 -3.983 -6.461 -8.744 -10.420 -11.515 -12.024 -12.437 -12.842 -13.048 
14.34343 -3.851 -6.121 -8.967 -10.368 -11.376 -11.951 -12.446 -12.768 -12.893 
14.54545 -3.699 -6.071 -8.511 -10.212 -11.347 -11.939 -12.424 -12.675 -12.904 
14.74747 -3.608 -6.162 -8.454 -10.258 -11.229 -11.965 -12.402 -12.717 -12.990 
14.94949 -3.512 -6.010 -8.259 -10.205 -11.268 -11.801 -12.383 -12.602 -12.896 
15.15152 -3.421 -5.787 -8.257 -9.993 -11.273 -11.756 -12.265 -12.602 -12.758 
15.35354 -3.269 -5.693 -8.273 -9.995 -11.102 -11.754 -12.284 -12.636 -12.754 
15.55556 -3.205 -5.534 -8.146 -9.954 -11.091 -11.652 -12.240 -12.618 -12.760 
15.75758 -3.136 -5.605 -7.879 -9.874 -11.002 -11.627 -12.222 -12.528 -12.721 
15.95960 -3.044 -5.679 -8.165 -9.834 -10.979 -11.535 -12.213 -12.549 -12.670 
16.16162 -2.891 -5.585 -7.776 -9.781 -10.909 -11.497 -12.143 -12.539 -12.679 
16.36364 -2.824 -5.524 -7.860 -9.725 -10.875 -11.483 -12.088 -12.421 -12.615 
16.56566 -2.750 -5.370 -7.771 -9.714 -10.782 -11.453 -12.126 -12.436 -12.652 
16.76768 -2.635 -5.392 -7.643 -9.582 -10.757 -11.420 -12.106 -12.474 -12.612 
16.96970 -2.534 -5.097 -7.692 -9.505 -10.802 -11.352 -12.115 -12.388 -12.603 
17.17172 -2.397 -4.936 -7.293 -9.371 -10.656 -11.390 -12.036 -12.374 -12.676 
17.37374 -2.298 -4.817 -7.348 -9.390 -10.572 -11.351 -12.012 -12.399 -12.602 
17.57576 -2.166 -4.610 -7.274 -9.308 -10.614 -11.291 -12.038 -12.350 -12.581 
17.77778 -2.057 -4.672 -7.200 -9.327 -10.486 -11.204 -11.989 -12.332 -12.555 
17.97980 -1.933 -4.848 -7.261 -9.268 -10.485 -11.176 -11.852 -12.330 -12.548 
18.18182 -1.802 -4.739 -7.275 -9.223 -10.594 -11.147 -11.848 -12.321 -12.535 
18.38384 -1.632 -4.365 -7.080 -9.142 -10.398 -11.119 -11.840 -12.278 -12.484 
18.58586 -1.534 -4.191 -7.021 -9.096 -10.411 -11.091 -11.833 -12.278 -12.489 
18.78788 -1.395 -4.379 -6.920 -9.021 -10.340 -11.046 -11.800 -12.238 -12.511 
18.98990 -1.261 -4.249 -6.824 -8.951 -10.147 -10.979 -11.782 -12.245 -12.419 
19.19192 -1.176 -4.256 -6.849 -8.869 -10.274 -11.050 -11.737 -12.176 -12.410 
19.39394 -1.013 -4.080 -6.564 -8.769 -10.215 -10.916 -11.620 -12.150 -12.436 
19.59596 -0.913 -4.018 -6.498 -8.688 -10.115 -10.871 -11.700 -12.119 -12.323 
19.79798 -0.854 -3.515 -6.422 -8.598 -9.933 -10.816 -11.536 -12.057 -12.307 
20.00000 -0.732 -3.393 -6.138 -8.587 -9.989 -10.634 -11.524 -11.986 -12.261 
