# t[days] u g r i z y J H K
0.20202 -10.969 -11.808 -10.524 -11.641 -12.068 -11.924 -13.261 -6.803 -7.736 
0.40404 -13.676 -14.327 -14.443 -14.137 -14.003 -14.386 -14.479 -13.619 -12.686 
0.60606 -14.416 -15.097 -15.408 -15.172 -15.323 -15.001 -15.308 -14.498 -14.441 
0.80808 -14.470 -15.383 -15.566 -15.493 -15.873 -16.015 -15.492 -14.834 -14.964 
1.01010 -13.966 -15.318 -15.755 -15.798 -15.992 -16.050 -15.735 -15.327 -14.885 
1.21212 -13.646 -15.211 -15.678 -16.193 -16.132 -16.281 -16.145 -15.702 -15.740 
1.41414 -13.420 -14.933 -15.589 -16.168 -16.303 -16.161 -15.975 -16.022 -15.649 
1.61616 -13.045 -14.677 -15.363 -16.078 -16.317 -16.552 -16.393 -16.413 -16.103 
1.81818 -12.589 -14.615 -15.331 -15.972 -16.352 -16.431 -16.357 -16.229 -15.997 
2.02020 -12.679 -14.519 -15.428 -16.035 -16.334 -16.446 -16.550 -16.469 -16.201 
2.22222 -12.548 -14.111 -15.098 -15.835 -16.324 -16.391 -16.458 -16.476 -16.312 
2.42424 -12.364 -13.997 -14.932 -15.849 -16.280 -16.388 -16.480 -16.426 -16.351 
2.62626 -12.107 -14.057 -14.798 -15.541 -16.064 -16.337 -16.349 -16.372 -16.402 
2.82828 -12.219 -13.660 -14.512 -15.408 -16.006 -16.218 -16.233 -16.213 -16.371 
3.03030 -12.062 -13.333 -14.367 -15.164 -15.807 -16.066 -16.156 -16.208 -16.062 
3.23232 -11.769 -13.442 -14.337 -15.017 -15.789 -16.001 -16.140 -16.169 -16.202 
3.43434 -11.634 -12.944 -14.134 -14.959 -15.481 -15.806 -15.964 -16.005 -16.091 
3.63636 -11.583 -12.867 -13.956 -14.838 -15.437 -15.684 -15.926 -15.935 -15.866 
3.83838 -11.351 -12.604 -13.899 -14.699 -15.421 -15.603 -15.791 -15.749 -15.861 
4.04040 -11.202 -12.721 -13.684 -14.555 -15.239 -15.517 -15.640 -15.802 -15.654 
4.24242 -10.932 -12.293 -13.406 -14.357 -15.007 -15.408 -15.593 -15.766 -15.754 
4.44444 -11.022 -12.326 -13.427 -14.290 -15.017 -15.267 -15.576 -15.588 -15.694 
4.64646 -10.892 -12.068 -13.219 -14.182 -14.882 -15.248 -15.355 -15.584 -15.647 
4.84848 -10.521 -11.871 -13.149 -14.078 -14.843 -15.074 -15.288 -15.491 -15.659 
5.05051 -10.374 -11.821 -13.186 -13.992 -14.809 -15.031 -15.181 -15.363 -15.566 
5.25253 -10.163 -11.636 -13.054 -14.004 -14.640 -14.993 -15.141 -15.272 -15.267 
5.45455 -9.944 -11.529 -12.814 -13.695 -14.496 -14.768 -15.104 -15.023 -15.387 
5.65657 -10.487 -11.440 -12.748 -13.738 -14.405 -14.703 -14.791 -15.015 -15.267 
5.85859 -9.507 -11.576 -12.661 -13.605 -14.288 -14.605 -14.876 -14.964 -15.003 
6.06061 -9.569 -11.310 -12.482 -13.533 -14.171 -14.564 -14.782 -14.835 -15.053 
6.26263 -9.479 -11.237 -12.685 -13.374 -14.038 -14.465 -14.513 -14.729 -14.916 
6.46465 -9.340 -10.908 -12.188 -13.261 -14.111 -14.342 -14.482 -14.628 -14.791 
6.66667 -8.887 -10.914 -12.184 -13.155 -13.935 -14.342 -14.358 -14.585 -14.763 
6.86869 -8.601 -10.544 -12.063 -13.151 -13.834 -14.311 -14.403 -14.534 -14.789 
7.07071 -8.740 -10.590 -11.927 -13.069 -13.862 -14.133 -14.338 -14.427 -14.614 
7.27273 -8.346 -10.369 -11.983 -13.010 -13.708 -14.075 -14.204 -14.397 -14.428 
7.47475 -8.106 -10.182 -11.689 -12.923 -13.663 -14.058 -14.153 -14.259 -14.435 
7.67677 -7.856 -10.386 -11.802 -12.949 -13.604 -13.950 -14.179 -14.199 -14.375 
7.87879 -7.884 -10.245 -11.558 -12.723 -13.601 -13.864 -13.971 -14.192 -14.200 
8.08081 -7.939 -9.997 -11.696 -12.889 -13.435 -13.745 -13.947 -14.128 -14.307 
8.28283 -7.576 -10.131 -11.457 -12.669 -13.371 -13.716 -13.911 -14.045 -14.311 
8.48485 -7.410 -10.110 -11.478 -12.583 -13.275 -13.626 -13.922 -13.956 -14.163 
8.68687 -7.778 -9.924 -11.306 -12.493 -13.275 -13.654 -13.802 -13.886 -14.060 
8.88889 -6.948 -9.673 -11.338 -12.428 -13.231 -13.521 -13.715 -13.870 -14.006 
9.09091 -6.906 -9.249 -11.093 -12.167 -13.034 -13.442 -13.645 -13.798 -13.947 
9.29293 -6.456 -9.169 -10.883 -12.210 -12.970 -13.382 -13.545 -13.649 -13.862 
9.49495 -6.751 -9.112 -10.928 -12.067 -12.918 -13.254 -13.485 -13.678 -13.774 
9.69697 -6.531 -8.999 -10.899 -11.987 -12.782 -13.311 -13.501 -13.601 -13.736 
9.89899 -6.122 -8.938 -10.588 -12.045 -12.721 -13.183 -13.437 -13.637 -13.737 
10.10101 -5.846 -9.032 -10.644 -12.016 -12.710 -13.156 -13.362 -13.492 -13.660 
10.30303 -5.702 -8.495 -10.485 -11.857 -12.629 -13.011 -13.344 -13.465 -13.589 
10.50505 -5.578 -8.892 -10.718 -11.752 -12.644 -13.000 -13.310 -13.400 -13.723 
10.70707 -5.143 -8.319 -10.232 -11.595 -12.501 -12.895 -13.221 -13.421 -13.384 
10.90909 -5.173 -8.015 -10.225 -11.542 -12.374 -12.902 -13.133 -13.262 -13.405 
11.11111 -4.855 -8.141 -10.109 -11.457 -12.273 -12.740 -13.063 -13.204 -13.261 
11.31313 -4.832 -7.805 -9.948 -11.393 -12.255 -12.712 -13.005 -13.161 -13.311 
11.51515 -4.670 -7.830 -9.812 -11.301 -12.138 -12.615 -12.954 -13.141 -13.229 
11.71717 -4.470 -7.661 -9.733 -11.352 -12.080 -12.560 -12.942 -13.105 -13.173 
11.91919 -4.692 -7.608 -9.626 -11.175 -12.032 -12.531 -12.913 -13.097 -13.180 
12.12121 -4.371 -7.355 -9.543 -11.070 -12.024 -12.459 -12.831 -13.036 -13.058 
12.32323 -4.402 -7.309 -9.339 -10.926 -11.977 -12.360 -12.778 -12.943 -13.064 
12.52525 -4.008 -6.834 -9.383 -10.895 -11.824 -12.348 -12.712 -12.938 -13.010 
12.72727 -3.873 -6.935 -9.238 -10.850 -11.778 -12.301 -12.740 -12.935 -13.063 
12.92929 -3.682 -6.788 -9.193 -10.679 -11.792 -12.239 -12.692 -12.830 -12.921 
13.13131 -3.564 -6.724 -9.029 -10.680 -11.716 -12.218 -12.588 -12.846 -12.979 
13.33333 -3.508 -6.726 -9.005 -10.687 -11.568 -12.115 -12.584 -12.892 -13.019 
13.53535 -3.292 -6.620 -8.984 -10.522 -11.578 -12.108 -12.553 -12.798 -12.811 
13.73737 -3.232 -6.601 -9.025 -10.465 -11.522 -12.083 -12.577 -12.716 -12.841 
13.93939 -3.148 -6.364 -8.643 -10.412 -11.491 -12.031 -12.450 -12.755 -12.866 
14.14141 -2.865 -6.624 -8.592 -10.335 -11.363 -11.990 -12.481 -12.687 -12.880 
14.34343 -2.808 -5.851 -8.653 -10.260 -11.431 -11.852 -12.407 -12.750 -12.872 
14.54545 -2.560 -5.706 -8.342 -10.287 -11.311 -11.858 -12.400 -12.643 -12.818 
14.74747 -2.402 -5.583 -8.372 -10.173 -11.232 -11.860 -12.395 -12.648 -12.771 
14.94949 -2.475 -5.754 -8.215 -10.183 -11.243 -11.804 -12.315 -12.676 -12.721 
15.15152 -2.115 -5.477 -8.141 -10.009 -11.097 -11.760 -12.244 -12.609 -12.725 
15.35354 -1.976 -5.697 -8.022 -9.874 -11.023 -11.635 -12.289 -12.569 -12.691 
15.55556 -2.003 -5.296 -7.938 -9.788 -11.087 -11.672 -12.248 -12.591 -12.687 
15.75758 -1.674 -5.002 -7.815 -9.821 -10.997 -11.593 -12.135 -12.524 -12.680 
15.95960 -2.285 -5.147 -7.944 -9.761 -10.868 -11.445 -12.142 -12.547 -12.614 
16.16162 -1.499 -5.150 -7.860 -9.737 -10.815 -11.481 -12.149 -12.509 -12.616 
16.36364 -1.420 -4.928 -7.714 -9.764 -10.873 -11.432 -12.110 -12.499 -12.652 
16.56566 -1.290 -4.717 -7.540 -9.569 -10.759 -11.451 -12.081 -12.460 -12.592 
16.76768 -1.251 -4.595 -7.470 -9.531 -10.700 -11.396 -12.042 -12.471 -12.645 
16.96970 -1.150 -4.576 -7.382 -9.377 -10.683 -11.386 -12.068 -12.415 -12.656 
17.17172 -1.046 -4.659 -7.391 -9.339 -10.645 -11.414 -11.980 -12.411 -12.586 
17.37374 -0.979 -4.567 -7.405 -9.338 -10.676 -11.286 -11.986 -12.416 -12.531 
17.57576 -0.964 -4.406 -7.200 -9.360 -10.489 -11.251 -11.901 -12.419 -12.564 
17.77778 -0.846 -4.005 -7.074 -9.257 -10.513 -11.231 -11.917 -12.387 -12.552 
17.97980 -0.816 -4.277 -7.099 -9.126 -10.429 -11.169 -11.924 -12.369 -12.521 
18.18182 -0.714 -4.527 -7.115 -9.129 -10.422 -11.145 -11.864 -12.334 -12.513 
18.38384 -0.654 -3.707 -6.822 -9.062 -10.500 -11.071 -11.836 -12.337 -12.561 
18.58586 -0.548 -4.092 -6.911 -8.942 -10.338 -11.081 -11.851 -12.348 -12.431 
18.78788 -0.462 -3.489 -6.835 -8.944 -10.300 -11.047 -11.783 -12.279 -12.498 
18.98990 -0.413 -3.420 -6.680 -8.907 -10.308 -11.011 -11.756 -12.250 -12.495 
19.19192 -0.441 -3.237 -6.585 -8.917 -10.211 -10.951 -11.730 -12.246 -12.414 
19.39394 -0.249 -3.365 -6.305 -8.756 -10.152 -10.837 -11.647 -12.216 -12.455 
19.59596 -0.133 -2.987 -6.272 -8.560 -10.304 -10.882 -11.618 -12.113 -12.380 
19.79798 -0.066 -2.789 -6.151 -8.528 -9.951 -10.771 -11.552 -12.070 -12.303 
20.00000 0.014 -2.885 -5.866 -8.372 -9.771 -10.686 -11.472 -11.972 -12.200 
