# t[days] u g r i z y J H K
0.20202 -11.177 -10.433 -10.260 -11.418 -12.173 -9.515 -12.367 -7.922 -5.507 
0.40404 -13.579 -13.781 -14.043 -14.085 -13.597 -13.676 -13.249 -13.360 -12.552 
0.60606 -13.811 -14.425 -14.751 -14.949 -14.898 -14.723 -14.439 -14.023 -13.415 
0.80808 -13.769 -14.560 -14.959 -15.224 -15.164 -15.104 -14.977 -14.489 -14.320 
1.01010 -13.409 -14.431 -15.056 -15.240 -15.310 -15.316 -15.087 -14.562 -14.216 
1.21212 -12.955 -14.201 -14.890 -15.189 -15.360 -15.297 -15.160 -14.892 -14.254 
1.41414 -12.471 -14.003 -14.727 -15.185 -15.307 -15.332 -15.240 -14.857 -14.528 
1.61616 -12.057 -13.612 -14.550 -15.052 -15.156 -15.212 -15.159 -14.934 -14.568 
1.81818 -11.625 -13.385 -14.302 -14.880 -15.130 -15.215 -15.198 -14.977 -14.613 
2.02020 -11.128 -13.049 -14.061 -14.801 -15.013 -15.041 -15.119 -15.005 -14.830 
2.22222 -10.741 -12.663 -13.902 -14.568 -14.908 -15.013 -14.998 -15.032 -14.848 
2.42424 -10.372 -12.390 -13.578 -14.323 -14.778 -14.894 -15.018 -14.894 -14.743 
2.62626 -9.857 -11.993 -13.229 -14.082 -14.538 -14.709 -14.886 -14.916 -14.750 
2.82828 -9.431 -11.694 -13.094 -13.957 -14.443 -14.601 -14.887 -14.824 -14.765 
3.03030 -9.162 -11.422 -12.823 -13.774 -14.245 -14.471 -14.688 -14.822 -14.738 
3.23232 -8.618 -11.189 -12.617 -13.555 -14.104 -14.280 -14.571 -14.816 -14.740 
3.43434 -8.577 -10.707 -12.379 -13.453 -14.032 -14.310 -14.559 -14.691 -14.754 
3.63636 -7.915 -10.452 -12.166 -13.254 -13.797 -14.101 -14.435 -14.641 -14.602 
3.83838 -7.446 -10.114 -11.976 -13.068 -13.737 -13.924 -14.343 -14.573 -14.584 
4.04040 -7.173 -9.932 -11.695 -12.918 -13.514 -13.842 -14.215 -14.519 -14.589 
4.24242 -6.741 -9.742 -11.537 -12.704 -13.330 -13.690 -14.092 -14.331 -14.514 
4.44444 -6.896 -9.550 -11.294 -12.460 -13.249 -13.590 -14.008 -14.337 -14.484 
4.64646 -6.141 -8.911 -11.079 -12.398 -13.016 -13.411 -13.856 -14.265 -14.492 
4.84848 -5.840 -9.058 -10.905 -12.045 -12.847 -13.203 -13.760 -14.136 -14.412 
5.05051 -5.524 -8.612 -10.704 -11.981 -12.776 -12.995 -13.648 -14.122 -14.316 
5.25253 -5.015 -8.370 -10.327 -11.747 -12.525 -12.910 -13.515 -14.034 -14.255 
5.45455 -5.040 -8.264 -10.141 -11.711 -12.373 -12.808 -13.385 -13.883 -14.223 
5.65657 -4.963 -8.086 -9.886 -11.354 -12.178 -12.545 -13.251 -13.843 -14.119 
5.85859 -4.343 -7.557 -9.686 -11.138 -12.040 -12.415 -13.163 -13.670 -14.033 
6.06061 -4.216 -7.344 -9.412 -11.021 -11.967 -12.393 -13.050 -13.598 -13.918 
6.26263 -3.668 -7.168 -9.518 -10.875 -11.781 -12.160 -12.918 -13.532 -13.884 
6.46465 -3.378 -6.967 -9.176 -10.712 -11.619 -11.988 -12.809 -13.377 -13.773 
6.66667 -3.201 -6.786 -8.968 -10.544 -11.555 -11.824 -12.658 -13.315 -13.674 
6.86869 -2.839 -6.228 -8.766 -10.270 -11.353 -11.799 -12.639 -13.238 -13.625 
7.07071 -2.658 -6.051 -8.475 -10.110 -11.110 -11.716 -12.454 -13.105 -13.571 
7.27273 -2.262 -5.677 -8.096 -9.855 -10.875 -11.458 -12.347 -13.005 -13.475 
7.47475 -2.238 -5.917 -8.124 -9.796 -10.886 -11.411 -12.212 -12.951 -13.397 
7.67677 -2.344 -4.901 -7.785 -9.701 -10.713 -11.127 -12.054 -12.839 -13.313 
7.87879 -2.355 -4.882 -7.880 -9.542 -10.629 -11.111 -11.911 -12.771 -13.258 
8.08081 -1.394 -5.119 -7.525 -9.298 -10.514 -10.952 -11.862 -12.661 -13.137 
8.28283 -1.099 -4.858 -7.349 -9.172 -10.307 -10.851 -11.813 -12.485 -13.139 
8.48485 -2.053 -4.453 -7.276 -9.178 -10.198 -10.785 -11.663 -12.522 -13.080 
8.68687 -1.613 -4.199 -7.052 -9.103 -10.031 -10.556 -11.528 -12.365 -12.902 
8.88889 -1.154 -4.511 -7.007 -8.895 -9.954 -10.526 -11.405 -12.275 -12.844 
9.09091 -0.130 -3.270 -6.649 -8.803 -9.924 -10.374 -11.292 -12.230 -12.859 
9.29293 0.245 -3.504 -6.483 -8.680 -9.587 -10.249 -11.136 -12.117 -12.766 
9.49495 0.485 -3.469 -5.921 -8.335 -9.472 -10.077 -11.079 -12.064 -12.690 
9.69697 0.729 -3.426 -6.219 -8.264 -9.379 -9.884 -11.033 -11.955 -12.562 
9.89899 1.101 -2.311 -5.889 -8.093 -9.330 -9.859 -10.874 -11.919 -12.549 
10.10101 1.242 -2.792 -5.988 -7.960 -9.217 -9.690 -10.819 -11.762 -12.443 
10.30303 1.463 -2.456 -5.706 -7.758 -9.094 -9.698 -10.706 -11.757 -12.368 
10.50505 1.753 -2.949 -5.704 -7.805 -9.010 -9.577 -10.633 -11.623 -12.297 
10.70707 1.902 -1.429 -5.503 -7.759 -8.844 -9.429 -10.462 -11.511 -12.242 
10.90909 2.279 -2.121 -5.273 -7.582 -8.818 -9.408 -10.463 -11.496 -12.174 
11.11111 2.468 -1.571 -5.052 -7.374 -8.640 -9.209 -10.314 -11.423 -12.026 
11.31313 2.579 -1.102 -5.167 -7.391 -8.571 -9.012 -10.209 -11.247 -12.014 
11.51515 2.835 -0.861 -4.801 -7.264 -8.480 -9.067 -10.089 -11.206 -11.970 
11.71717 3.075 -2.004 -4.849 -7.179 -8.321 -8.773 -10.032 -11.109 -11.919 
11.91919 3.420 -0.192 -4.429 -6.999 -8.192 -9.016 -9.972 -11.004 -11.765 
12.12121 3.613 -0.089 -5.062 -6.929 -8.115 -8.771 -9.814 -10.982 -11.718 
12.32323 3.698 0.077 -4.222 -6.930 -8.111 -8.666 -9.642 -10.853 -11.709 
12.52525 3.871 -1.487 -4.136 -6.753 -8.099 -8.622 -9.646 -10.731 -11.639 
12.72727 4.055 -0.306 -4.102 -6.573 -7.996 -8.586 -9.564 -10.774 -11.565 
12.92929 4.159 -0.562 -4.070 -6.708 -7.833 -8.723 -9.567 -10.738 -11.483 
13.13131 4.774 -0.181 -3.775 -6.422 -7.713 -8.336 -9.397 -10.579 -11.511 
13.33333 4.714 -0.056 -3.767 -6.369 -7.816 -8.256 -9.287 -10.559 -11.393 
13.53535 5.055 0.146 -3.786 -6.403 -7.600 -8.140 -9.223 -10.589 -11.313 
13.73737 4.624 0.341 -3.558 -6.227 -7.437 -8.122 -9.208 -10.394 -11.239 
13.93939 5.452 0.181 -3.522 -6.183 -7.507 -8.028 -9.139 -10.376 -11.183 
14.14141 5.425 0.145 -3.704 -5.948 -7.357 -8.007 -9.044 -10.274 -11.140 
14.34343 6.136 0.575 -3.909 -6.066 -7.287 -7.866 -9.008 -10.090 -11.115 
14.54545 6.190 0.425 -3.640 -6.008 -7.235 -7.819 -8.912 -10.128 -11.055 
14.74747 5.866 0.804 -3.237 -5.790 -7.139 -7.545 -8.843 -9.967 -10.960 
14.94949 6.386 0.961 -3.482 -5.659 -7.109 -7.654 -8.858 -9.947 -11.001 
15.15152 6.404 0.996 -3.180 -5.724 -6.825 -7.809 -8.718 -9.879 -10.883 
15.35354 6.511 1.048 -3.491 -5.559 -6.959 -7.506 -8.710 -9.880 -10.813 
15.55556 7.488 1.633 -3.346 -5.643 -6.813 -7.477 -8.650 -9.757 -10.796 
15.75758 8.097 1.530 -3.409 -5.575 -7.031 -7.724 -8.508 -9.703 -10.681 
15.95960 7.440 1.569 -3.069 -5.601 -6.663 -7.177 -8.471 -9.653 -10.577 
16.16162 7.754 0.883 -2.970 -5.477 -6.732 -7.308 -8.504 -9.596 -10.577 
16.36364 8.566 1.679 -2.630 -5.419 -6.590 -7.105 -8.299 -9.468 -10.549 
16.56566 8.279 1.548 -2.807 -5.280 -6.555 -7.097 -8.227 -9.421 -10.540 
16.76768 7.948 1.437 -2.688 -5.150 -6.447 -6.784 -8.191 -9.496 -10.587 
16.96970 8.140 0.516 -2.435 -5.124 -6.450 -7.191 -8.147 -9.365 -10.405 
17.17172 7.999 3.010 -2.212 -4.900 -6.243 -6.905 -8.115 -9.286 -10.349 
17.37374 8.531 1.887 -2.316 -4.916 -6.206 -6.714 -8.098 -9.290 -10.298 
17.57576 8.134 2.299 -2.218 -4.911 -6.112 -6.868 -7.885 -9.221 -10.207 
17.77778 7.928 2.292 -2.126 -4.587 -6.174 -6.726 -7.900 -9.206 -10.187 
17.97980 11.758 1.034 -2.453 -4.830 -5.990 -6.607 -7.834 -9.144 -10.101 
18.18182 8.155 1.878 -2.050 -4.946 -6.144 -6.679 -7.825 -9.071 -10.185 
18.38384 9.675 3.267 -1.900 -4.606 -6.069 -6.553 -7.672 -9.084 -10.046 
18.58586 9.579 2.158 -2.160 -4.358 -5.551 -6.417 -7.660 -8.948 -9.931 
18.78788 9.213 1.024 -2.407 -4.508 -5.814 -6.228 -7.581 -8.890 -9.866 
18.98990 10.245 1.079 -1.859 -4.390 -5.467 -6.139 -7.523 -8.854 -9.828 
19.19192 nan 2.198 -1.420 -4.375 -5.528 -6.398 -7.525 -8.783 -9.743 
19.39394 11.608 2.294 -1.921 -4.134 -5.647 -6.120 -7.480 -8.722 -9.726 
19.59596 9.192 2.387 -1.923 -4.114 -5.615 -5.920 -7.502 -8.689 -9.640 
19.79798 12.836 4.124 -1.715 -4.048 -5.337 -5.786 -7.144 -8.506 -9.513 
20.00000 8.966 5.499 -1.200 -3.930 -5.241 -5.934 -7.153 -8.383 -9.391 
