# t[days] u g r i z y J H K
0.20202 -10.628 -13.149 -10.354 -12.206 -13.282 -5.690 -11.730 -7.771 nan 
0.40404 -13.604 -14.451 -14.946 -13.978 -11.751 -11.798 -13.276 4.946 0.629 
0.60606 -14.098 -14.699 -14.690 -14.143 -13.618 -13.212 -12.939 -12.975 -13.634 
0.80808 -13.957 -14.605 -14.899 -14.444 -14.182 -13.673 -13.844 -13.230 -13.857 
1.01010 -13.035 -14.279 -14.477 -13.985 -13.677 -13.934 -14.857 -7.338 -3.279 
1.21212 -12.379 -13.991 -14.090 -13.080 -13.558 -13.347 -13.768 -13.877 -13.761 
1.41414 -12.507 -13.830 -14.267 -14.371 -13.464 -14.232 -14.110 -14.287 -14.947 
1.61616 -13.585 -14.544 -14.826 -15.071 -14.827 -14.762 -14.979 -14.997 -14.649 
1.81818 -13.385 -14.993 -15.445 -15.334 -15.770 -16.107 -15.515 -15.407 -14.944 
2.02020 -13.936 -15.289 -15.698 -15.617 -16.262 -16.289 -15.779 -16.080 -15.723 
2.22222 -13.915 -15.368 -15.790 -16.069 -16.539 -16.424 -16.227 -16.048 -15.944 
2.42424 -13.883 -15.072 -15.739 -15.950 -16.172 -16.373 -16.166 -16.116 -16.063 
2.62626 -14.045 -14.951 -15.606 -16.169 -16.345 -16.454 -16.360 -16.189 -16.189 
2.82828 -13.963 -14.806 -15.480 -15.886 -16.245 -16.377 -16.223 -16.100 -16.132 
3.03030 -13.776 -14.754 -15.348 -15.880 -16.152 -16.425 -16.333 -16.201 -15.882 
3.23232 -13.442 -14.248 -14.900 -15.548 -16.039 -16.292 -16.070 -16.065 -15.688 
3.43434 -13.495 -14.046 -14.785 -15.382 -15.941 -16.135 -16.018 -15.902 -15.899 
3.63636 -12.767 -13.885 -14.641 -15.278 -15.833 -16.107 -15.910 -15.936 -15.761 
3.83838 -12.890 -13.789 -14.632 -15.388 -15.665 -15.955 -15.755 -15.471 -15.667 
4.04040 -13.190 -13.770 -14.571 -15.115 -15.631 -15.810 -15.727 -15.494 -15.580 
4.24242 -12.850 -13.674 -14.290 -14.928 -15.489 -15.685 -15.603 -15.538 -15.278 
4.44444 -12.497 -13.391 -14.287 -14.793 -15.399 -15.749 -15.615 -15.254 -15.297 
4.64646 -12.581 -13.423 -14.103 -14.871 -15.376 -15.609 -15.442 -15.412 -15.147 
4.84848 -12.724 -13.746 -14.239 -14.752 -15.297 -15.530 -15.406 -15.168 -14.994 
5.05051 -12.347 -13.266 -14.074 -14.677 -15.220 -15.511 -15.256 -15.235 -15.051 
5.25253 -11.984 -12.994 -13.829 -14.585 -15.136 -15.478 -15.371 -15.126 -14.743 
5.45455 -11.608 -12.927 -13.943 -14.715 -15.096 -15.371 -15.245 -14.969 -14.898 
5.65657 -12.243 -13.171 -13.944 -14.509 -14.992 -15.246 -15.155 -14.892 -14.799 
5.85859 -11.735 -12.972 -13.774 -14.488 -14.941 -15.236 -15.065 -14.901 -14.573 
6.06061 -11.539 -12.920 -13.762 -14.408 -14.861 -15.089 -14.979 -14.617 -14.499 
6.26263 -11.081 -12.561 -13.696 -14.359 -14.798 -15.077 -14.959 -14.833 -14.659 
6.46465 -11.111 -12.270 -13.467 -14.038 -14.630 -14.919 -14.816 -14.552 -14.569 
6.66667 -10.766 -12.572 -13.299 -14.015 -14.706 -14.909 -14.838 -14.584 -14.124 
6.86869 -10.770 -12.170 -13.009 -13.947 -14.492 -14.843 -14.695 -14.560 -14.539 
7.07071 -10.389 -11.946 -13.215 -13.936 -14.457 -14.663 -14.617 -14.677 -14.302 
7.27273 -9.936 -11.969 -13.001 -13.774 -14.316 -14.682 -14.691 -14.330 -14.125 
7.47475 -9.970 -11.759 -12.890 -13.739 -14.251 -14.552 -14.531 -14.452 -14.201 
7.67677 -10.417 -11.658 -12.782 -13.635 -14.183 -14.485 -14.576 -14.452 -14.228 
7.87879 -9.617 -11.456 -12.825 -13.613 -14.079 -14.494 -14.471 -14.319 -13.997 
8.08081 -9.421 -11.479 -12.738 -13.480 -14.028 -14.381 -14.359 -14.305 -14.128 
8.28283 -9.374 -11.419 -12.453 -13.406 -13.987 -14.251 -14.347 -14.194 -14.054 
8.48485 -9.115 -11.159 -12.387 -13.396 -13.997 -14.264 -14.305 -14.305 -13.922 
8.68687 -9.218 -11.265 -12.399 -13.258 -13.800 -14.158 -14.239 -14.162 -14.001 
8.88889 -8.396 -11.039 -12.163 -13.207 -13.856 -14.047 -14.259 -14.120 -14.010 
9.09091 -8.122 -10.751 -12.067 -13.135 -13.751 -14.119 -14.208 -14.065 -13.762 
9.29293 -8.271 -10.675 -11.936 -13.025 -13.696 -14.031 -14.120 -14.113 -13.724 
9.49495 -8.055 -10.523 -11.969 -12.963 -13.615 -14.014 -14.145 -14.094 -13.731 
9.69697 -8.136 -10.266 -11.801 -12.863 -13.573 -13.884 -14.048 -14.032 -13.807 
9.89899 -7.974 -10.257 -11.698 -12.819 -13.409 -13.822 -14.021 -14.037 -13.746 
10.10101 -7.368 -10.113 -11.779 -12.709 -13.491 -13.718 -13.942 -13.995 -13.823 
10.30303 -7.254 -10.021 -11.719 -12.636 -13.329 -13.797 -13.907 -13.762 -13.683 
10.50505 -7.570 -9.855 -11.408 -12.508 -13.211 -13.631 -13.804 -13.802 -13.622 
10.70707 -7.271 -9.639 -11.499 -12.383 -13.167 -13.612 -13.901 -13.753 -13.684 
10.90909 -6.827 -9.337 -11.187 -12.350 -13.120 -13.573 -13.711 -13.780 -13.675 
11.11111 -6.373 -9.280 -11.137 -12.187 -13.115 -13.596 -13.741 -13.716 -13.620 
11.31313 -6.312 -9.329 -10.952 -12.241 -13.043 -13.353 -13.743 -13.698 -13.534 
11.51515 -5.980 -9.213 -10.952 -12.193 -12.903 -13.372 -13.622 -13.745 -13.457 
11.71717 -6.563 -9.082 -10.761 -12.208 -12.902 -13.333 -13.562 -13.595 -13.519 
11.91919 -6.008 -8.908 -10.617 -11.989 -12.850 -13.224 -13.546 -13.564 -13.557 
12.12121 -5.677 -8.793 -10.656 -11.778 -12.651 -13.118 -13.445 -13.506 -13.424 
12.32323 -5.375 -8.575 -10.465 -11.845 -12.638 -13.096 -13.396 -13.515 -13.396 
12.52525 -5.437 -8.348 -10.370 -11.837 -12.560 -12.980 -13.433 -13.484 -13.490 
12.72727 -5.250 -8.458 -10.801 -11.835 -12.574 -13.044 -13.300 -13.465 -13.413 
12.92929 -5.023 -7.881 -10.271 -11.482 -12.460 -12.855 -13.329 -13.439 -13.396 
13.13131 -5.205 -8.133 -10.299 -11.534 -12.310 -12.779 -13.264 -13.394 -13.285 
13.33333 -5.221 -7.820 -9.923 -11.318 -12.277 -12.768 -13.151 -13.292 -13.270 
13.53535 -4.413 -7.951 -9.931 -11.297 -12.156 -12.725 -13.124 -13.243 -13.231 
13.73737 -4.362 -7.620 -9.785 -11.230 -12.138 -12.650 -13.090 -13.334 -13.218 
13.93939 -4.235 -7.420 -9.749 -11.207 -11.994 -12.606 -13.046 -13.204 -13.180 
14.14141 -4.305 -7.514 -9.644 -11.069 -11.997 -12.476 -12.980 -13.165 -13.156 
14.34343 -3.959 -7.309 -9.484 -10.986 -11.903 -12.410 -12.991 -13.110 -13.192 
14.54545 -3.726 -7.157 -9.412 -11.102 -11.912 -12.385 -12.876 -13.062 -13.106 
14.74747 -4.116 -7.032 -9.212 -10.737 -11.821 -12.361 -12.862 -13.099 -13.114 
14.94949 -3.619 -6.649 -9.225 -10.767 -11.792 -12.317 -12.796 -13.059 -13.138 
15.15152 -3.861 -6.842 -9.095 -10.759 -11.682 -12.254 -12.747 -13.015 -13.096 
15.35354 -3.308 -6.465 -9.579 -10.559 -11.598 -12.192 -12.723 -12.991 -13.038 
15.55556 -3.207 -6.591 -8.837 -10.650 -11.632 -12.168 -12.671 -13.028 -13.037 
15.75758 -3.189 -6.671 -8.726 -10.550 -11.578 -12.128 -12.652 -12.932 -13.025 
15.95960 -3.023 -6.444 -8.795 -10.449 -11.535 -12.106 -12.609 -12.975 -13.018 
16.16162 -3.419 -6.353 -8.604 -10.453 -11.421 -11.928 -12.572 -12.904 -13.073 
16.36364 -3.130 -6.171 -8.445 -10.321 -11.362 -12.028 -12.589 -12.899 -12.939 
16.56566 -2.775 -6.293 -8.380 -10.197 -11.405 -11.956 -12.504 -12.814 -12.956 
16.76768 -2.736 -6.048 -8.377 -10.174 -11.208 -11.978 -12.498 -12.805 -12.865 
16.96970 -2.519 -5.509 -8.281 -10.071 -11.220 -11.864 -12.470 -12.795 -12.906 
17.17172 -2.633 -5.760 -8.157 -10.060 -11.292 -11.788 -12.421 -12.827 -12.869 
17.37374 -2.563 -5.538 -8.148 -9.895 -11.015 -11.645 -12.403 -12.743 -12.855 
17.57576 -2.153 -5.424 -8.067 -9.988 -10.992 -11.804 -12.362 -12.836 -12.822 
17.77778 -2.037 -5.359 -7.953 -9.841 -10.993 -11.715 -12.335 -12.727 -12.997 
17.97980 -1.913 -4.819 -7.808 -9.749 -10.939 -11.634 -12.320 -12.697 -12.815 
18.18182 -1.784 -5.041 -7.703 -9.751 -10.947 -11.585 -12.241 -12.661 -12.820 
18.38384 -1.618 -4.838 -7.695 -9.719 -10.884 -11.488 -12.197 -12.677 -12.719 
18.58586 -1.503 -4.956 -7.607 -9.579 -10.878 -11.503 -12.173 -12.631 -12.757 
18.78788 -1.399 -4.870 -7.407 -9.528 -10.763 -11.457 -12.146 -12.615 -12.814 
18.98990 -1.240 -4.497 -7.396 -9.583 -10.901 -11.449 -12.124 -12.601 -12.751 
19.19192 -1.160 -4.022 -7.291 -9.355 -10.588 -11.347 -12.079 -12.551 -12.773 
19.39394 -0.968 -4.037 -7.104 -9.362 -10.563 -11.258 -12.072 -12.469 -12.691 
19.59596 -0.962 -4.514 -7.221 -9.207 -10.607 -11.298 -11.984 -12.509 -12.632 
19.79798 -0.810 -4.370 -7.058 -9.011 -10.399 -11.143 -11.940 -12.457 -12.603 
20.00000 -0.769 -3.721 -6.841 -8.946 -10.361 -11.107 -11.879 -12.351 -12.656 
