# t[days] u g r i z y J H K
0.20202 -10.737 -10.915 -10.289 -8.873 -8.145 -7.872 -6.356 -7.130 -6.035 
0.40404 -13.451 -13.888 -13.692 -13.498 -14.472 -13.560 -13.637 -14.646 -13.665 
0.60606 -14.022 -14.836 -15.353 -15.394 -15.538 -15.270 -14.650 -14.564 -13.975 
0.80808 -14.548 -15.294 -15.732 -15.779 -15.698 -15.882 -15.407 -15.170 -13.999 
1.01010 -14.367 -15.265 -15.803 -16.121 -16.239 -16.248 -15.657 -15.395 -15.156 
1.21212 -14.011 -15.387 -16.085 -16.362 -16.400 -16.354 -16.187 -15.938 -15.730 
1.41414 -13.985 -15.253 -15.850 -16.354 -16.538 -16.400 -16.469 -15.964 -15.980 
1.61616 -13.438 -15.044 -15.927 -16.308 -16.413 -16.421 -16.448 -16.169 -15.849 
1.81818 -13.011 -14.825 -15.836 -16.372 -16.542 -16.639 -16.495 -16.333 -16.079 
2.02020 -12.302 -14.459 -15.476 -16.199 -16.404 -16.386 -16.534 -16.344 -16.092 
2.22222 -12.101 -14.038 -15.196 -15.701 -16.306 -16.402 -16.316 -16.397 -16.185 
2.42424 -12.026 -13.692 -14.966 -15.568 -15.969 -16.159 -16.300 -16.375 -16.023 
2.62626 -11.428 -13.434 -14.573 -15.405 -15.728 -16.032 -16.148 -16.143 -16.016 
2.82828 -11.217 -13.127 -14.341 -15.156 -15.635 -15.813 -15.971 -16.179 -15.977 
3.03030 -11.153 -12.630 -14.072 -15.095 -15.508 -15.653 -15.821 -15.949 -15.918 
3.23232 -10.855 -12.488 -13.684 -14.730 -15.199 -15.518 -15.863 -15.819 -15.913 
3.43434 -10.853 -12.264 -13.693 -14.552 -15.011 -15.431 -15.660 -15.788 -15.859 
3.63636 -10.513 -12.124 -13.443 -14.199 -14.822 -15.199 -15.460 -15.717 -15.618 
3.83838 -10.363 -11.729 -13.157 -13.964 -14.729 -15.026 -15.351 -15.751 -15.764 
4.04040 -10.155 -11.401 -12.745 -13.849 -14.629 -15.008 -15.223 -15.653 -15.584 
4.24242 -9.999 -11.269 -12.819 -13.707 -14.499 -14.781 -15.205 -15.571 -15.480 
4.44444 -9.814 -11.139 -12.527 -13.649 -14.296 -14.726 -15.078 -15.433 -15.518 
4.64646 -9.701 -10.891 -12.547 -13.530 -14.232 -14.613 -14.976 -15.364 -15.479 
4.84848 -9.521 -10.806 -12.336 -13.354 -14.106 -14.492 -14.904 -15.227 -15.443 
5.05051 -9.372 -10.660 -12.131 -13.025 -13.940 -14.235 -14.860 -15.151 -15.247 
5.25253 -9.215 -10.691 -11.722 -13.137 -13.924 -14.257 -14.851 -15.170 -15.311 
5.45455 -9.057 -10.287 -11.887 -12.990 -13.708 -14.108 -14.680 -15.069 -15.223 
5.65657 -8.888 -10.218 -11.415 -12.694 -13.660 -13.941 -14.596 -14.926 -15.291 
5.85859 -8.743 -9.940 -11.478 -12.743 -13.381 -13.811 -14.509 -14.954 -15.246 
6.06061 -8.586 -9.814 -11.274 -12.449 -13.415 -13.884 -14.373 -14.971 -15.081 
6.26263 -8.474 -9.926 -11.285 -12.372 -13.366 -13.722 -14.416 -14.815 -15.034 
6.46465 -8.287 -9.662 -10.860 -12.420 -13.243 -13.739 -14.254 -14.831 -15.037 
6.66667 -8.138 -9.511 -10.787 -12.078 -13.164 -13.561 -14.234 -14.677 -15.042 
6.86869 -8.010 -9.400 -10.825 -12.203 -13.079 -13.676 -14.059 -14.630 -14.968 
7.07071 -7.849 -9.634 -10.826 -12.053 -12.968 -13.375 -13.996 -14.606 -14.909 
7.27273 -7.711 -8.991 -10.611 -11.870 -12.857 -13.374 -13.985 -14.456 -14.816 
7.47475 -7.571 -8.953 -10.474 -11.832 -12.793 -13.244 -13.876 -14.478 -14.827 
7.67677 -7.397 -8.713 -10.391 -11.804 -12.822 -13.242 -13.705 -14.372 -14.749 
7.87879 -7.239 -8.624 -10.247 -11.624 -12.635 -13.056 -13.749 -14.167 -14.736 
8.08081 -7.099 -8.573 -9.991 -11.471 -12.476 -13.013 -13.618 -14.151 -14.602 
8.28283 -7.034 -8.525 -10.060 -11.416 -12.460 -12.921 -13.552 -14.143 -14.566 
8.48485 -6.820 -8.366 -9.988 -11.268 -12.291 -12.906 -13.493 -14.109 -14.519 
8.68687 -6.678 -8.130 -10.114 -11.300 -12.293 -12.812 -13.536 -13.924 -14.427 
8.88889 -6.446 -8.179 -9.816 -11.397 -12.314 -12.766 -13.424 -13.962 -14.431 
9.09091 -6.296 -8.025 -9.777 -11.091 -12.192 -12.641 -13.330 -13.805 -14.278 
9.29293 -6.155 -7.792 -9.795 -10.939 -12.010 -12.666 -13.243 -13.886 -14.318 
9.49495 -6.318 -7.779 -9.474 -11.088 -11.967 -12.586 -13.118 -13.715 -14.192 
9.69697 -5.830 -7.739 -9.326 -11.027 -12.076 -12.446 -13.068 -13.638 -14.182 
9.89899 -5.729 -7.639 -9.306 -10.884 -11.933 -12.429 -12.943 -13.566 -14.068 
10.10101 -5.520 -7.514 -9.242 -10.741 -11.761 -12.301 -12.924 -13.534 -13.928 
10.30303 -5.419 -7.206 -9.105 -10.707 -11.727 -12.288 -12.865 -13.462 -13.916 
10.50505 -5.235 -7.010 -9.085 -10.735 -11.701 -12.224 -12.948 -13.416 -13.920 
10.70707 -5.212 -7.006 -8.845 -10.606 -11.590 -12.245 -12.746 -13.346 -13.855 
10.90909 -4.911 -6.850 -8.811 -10.379 -11.511 -12.118 -12.710 -13.246 -13.761 
11.11111 -4.847 -6.700 -8.639 -10.331 -11.469 -12.084 -12.603 -13.253 -13.744 
11.31313 -4.637 -6.763 -8.817 -10.268 -11.446 -11.968 -12.620 -13.185 -13.664 
11.51515 -4.520 -6.469 -8.528 -10.222 -11.298 -11.854 -12.534 -13.111 -13.711 
11.71717 -4.453 -6.395 -8.423 -10.171 -11.378 -11.761 -12.376 -13.095 -13.582 
11.91919 -4.310 -6.533 -8.697 -10.039 -11.239 -11.717 -12.347 -13.022 -13.495 
12.12121 -4.136 -6.518 -8.368 -10.031 -11.199 -11.657 -12.263 -12.935 -13.436 
12.32323 -4.050 -6.248 -8.091 -9.989 -11.152 -11.596 -12.307 -12.931 -13.448 
12.52525 -3.952 -5.897 -8.024 -9.754 -11.063 -11.587 -12.262 -12.850 -13.355 
12.72727 -3.786 -5.902 -7.965 -9.829 -10.965 -11.561 -12.167 -12.703 -13.353 
12.92929 -3.826 -5.589 -7.733 -9.744 -10.936 -11.435 -12.069 -12.741 -13.217 
13.13131 -3.547 -5.565 -7.885 -9.758 -10.839 -11.491 -12.066 -12.676 -13.111 
13.33333 -3.609 -5.711 -7.974 -9.637 -10.770 -11.434 -12.020 -12.569 -13.098 
13.53535 -3.286 -5.491 -7.572 -9.587 -10.697 -11.464 -12.023 -12.591 -13.054 
13.73737 -3.170 -5.244 -7.600 -9.523 -10.872 -11.285 -12.004 -12.531 -13.027 
13.93939 -3.237 -4.991 -7.423 -9.382 -10.776 -11.233 -11.924 -12.491 -12.959 
14.14141 -2.874 -4.986 -7.322 -9.347 -10.551 -11.233 -11.821 -12.496 -12.971 
14.34343 -2.713 -5.435 -7.443 -9.258 -10.515 -11.211 -11.751 -12.317 -12.790 
14.54545 -2.587 -5.016 -7.373 -9.342 -10.515 -11.085 -11.787 -12.345 -12.810 
14.74747 -2.457 -4.901 -7.294 -9.232 -10.422 -11.035 -11.711 -12.321 -12.828 
14.94949 -2.292 -4.654 -7.455 -9.146 -10.373 -11.072 -11.690 -12.306 -12.845 
15.15152 -2.148 -4.640 -6.973 -9.023 -10.265 -10.997 -11.672 -12.300 -12.742 
15.35354 -2.038 -4.681 -6.946 -9.167 -10.342 -11.024 -11.665 -12.218 -12.676 
15.55556 -1.883 -4.526 -6.995 -8.928 -10.273 -10.900 -11.593 -12.248 -12.679 
15.75758 -1.784 -4.239 -6.707 -8.848 -10.221 -10.814 -11.532 -12.082 -12.640 
15.95960 -1.654 -4.257 -6.570 -8.880 -10.085 -10.777 -11.514 -12.119 -12.766 
16.16162 -1.582 -4.464 -6.648 -8.818 -10.151 -10.804 -11.460 -12.055 -12.560 
16.36364 -1.459 -3.898 -6.523 -8.724 -10.105 -10.758 -11.474 -12.050 -12.638 
16.56566 -1.387 -3.959 -6.557 -8.650 -10.001 -10.772 -11.422 -12.027 -12.493 
16.76768 -1.399 -3.848 -6.428 -8.572 -10.037 -10.822 -11.472 -11.990 -12.498 
16.96970 -1.245 -4.086 -6.490 -8.538 -10.078 -10.725 -11.420 -12.025 -12.475 
17.17172 -1.096 -3.539 -6.150 -8.613 -9.956 -10.615 -11.373 -11.996 -12.418 
17.37374 -1.049 -3.630 -6.233 -8.436 -9.892 -10.615 -11.365 -11.951 -12.443 
17.57576 -0.877 -3.707 -6.488 -8.374 -9.801 -10.616 -11.328 -11.949 -12.348 
17.77778 -0.920 -3.357 -5.939 -8.428 -9.860 -10.522 -11.315 -11.922 -12.324 
17.97980 -0.813 -3.358 -6.139 -8.341 -9.750 -10.531 -11.360 -11.833 -12.252 
18.18182 -0.773 -3.159 -6.049 -8.340 -9.772 -10.432 -11.249 -11.901 -12.297 
18.38384 -0.679 -3.407 -5.960 -8.282 -9.640 -10.429 -11.212 -11.881 -12.263 
18.58586 -0.592 -3.293 -6.436 -8.137 -9.581 -10.362 -11.157 -11.787 -12.235 
18.78788 -0.521 -2.980 -5.596 -8.069 -9.601 -10.370 -11.160 -11.755 -12.246 
18.98990 -0.485 -2.916 -5.782 -8.049 -9.510 -10.412 -11.184 -11.791 -12.182 
19.19192 -0.360 -3.306 -5.687 -8.015 -9.557 -10.278 -11.125 -11.711 -12.197 
19.39394 -0.270 -2.861 -5.405 -7.854 -9.514 -10.245 -11.099 -11.679 -12.150 
19.59596 -0.153 -2.696 -5.582 -7.867 -9.425 -10.170 -11.003 -11.675 -12.105 
19.79798 -0.057 -2.495 -5.169 -7.725 -9.303 -10.099 -10.962 -11.616 -12.066 
20.00000 0.048 -2.622 -5.159 -7.524 -9.147 -9.967 -10.889 -11.592 -11.987 
