# t[days] u g r i z y J H K
0.20202 -10.722 -12.321 -12.981 -13.812 -13.325 -11.043 -12.790 -3.990 -3.596 
0.40404 -14.451 -14.998 -15.369 -15.093 -13.983 -14.164 -12.750 -11.313 -10.828 
0.60606 -15.456 -15.886 -16.127 -15.741 -15.655 -15.955 -15.408 -14.401 -14.476 
0.80808 -15.302 -16.261 -16.521 -16.302 -16.082 -16.254 -15.347 -14.736 -15.363 
1.01010 -15.470 -16.612 -16.834 -16.805 -16.388 -16.085 -15.976 -15.370 -14.662 
1.21212 -15.346 -16.531 -16.918 -16.682 -16.388 -16.307 -16.373 -15.939 -15.377 
1.41414 -14.844 -16.525 -16.894 -16.729 -16.644 -16.415 -16.185 -15.814 -15.111 
1.61616 -14.582 -16.405 -16.916 -16.800 -16.679 -16.590 -16.505 -16.023 -15.823 
1.81818 -14.382 -16.273 -16.645 -16.600 -16.621 -16.489 -16.374 -16.403 -16.070 
2.02020 -13.990 -16.062 -16.699 -16.620 -16.516 -16.598 -16.360 -16.176 -15.958 
2.22222 -13.562 -15.852 -16.379 -16.439 -16.454 -16.560 -16.470 -16.083 -15.641 
2.42424 -13.205 -15.623 -16.290 -16.453 -16.564 -16.734 -16.564 -16.404 -16.285 
2.62626 -12.951 -15.387 -16.047 -16.252 -16.383 -16.448 -16.402 -16.023 -16.081 
2.82828 -12.698 -15.028 -15.904 -16.003 -16.224 -16.340 -16.295 -16.139 -15.998 
3.03030 -12.469 -14.812 -15.502 -15.810 -15.968 -16.094 -16.108 -16.075 -15.809 
3.23232 -12.223 -14.552 -15.391 -15.691 -15.901 -15.979 -16.136 -15.974 -15.820 
3.43434 -12.086 -14.258 -15.120 -15.540 -15.788 -15.931 -15.913 -15.761 -15.749 
3.63636 -11.624 -13.858 -14.933 -15.312 -15.572 -15.809 -15.924 -15.855 -15.851 
3.83838 -11.408 -13.865 -14.749 -15.242 -15.603 -15.816 -15.638 -15.784 -15.532 
4.04040 -11.522 -13.650 -14.612 -15.042 -15.582 -15.732 -15.554 -15.432 -15.542 
4.24242 -11.020 -13.327 -14.328 -14.942 -15.331 -15.496 -15.595 -15.439 -15.498 
4.44444 -10.958 -13.269 -14.349 -14.845 -15.225 -15.424 -15.495 -15.475 -15.505 
4.64646 -10.788 -13.151 -14.171 -14.661 -15.060 -15.254 -15.262 -15.294 -15.376 
4.84848 -10.908 -12.839 -13.870 -14.605 -15.131 -15.310 -15.314 -15.285 -15.227 
5.05051 -10.842 -12.892 -13.762 -14.591 -14.949 -15.094 -15.221 -15.210 -15.183 
5.25253 -10.454 -12.575 -13.677 -14.319 -14.777 -15.098 -15.117 -15.180 -15.097 
5.45455 -10.248 -12.498 -13.580 -14.169 -14.800 -15.067 -14.974 -15.080 -14.851 
5.65657 -10.322 -12.148 -13.465 -14.166 -14.713 -14.917 -14.980 -15.015 -14.886 
5.85859 -10.160 -12.138 -13.273 -14.039 -14.568 -14.802 -14.954 -14.830 -14.885 
6.06061 -9.971 -11.976 -13.216 -14.000 -14.479 -14.791 -14.840 -14.797 -14.819 
6.26263 -9.826 -11.883 -13.019 -13.922 -14.380 -14.700 -14.806 -14.769 -14.689 
6.46465 -9.670 -11.819 -12.935 -13.836 -14.319 -14.556 -14.759 -14.704 -14.777 
6.66667 -9.343 -11.378 -12.824 -13.672 -14.170 -14.511 -14.632 -14.635 -14.682 
6.86869 -9.378 -11.562 -12.773 -13.563 -14.184 -14.531 -14.570 -14.674 -14.536 
7.07071 -9.023 -11.261 -12.634 -13.495 -14.154 -14.377 -14.476 -14.569 -14.432 
7.27273 -9.015 -11.391 -12.432 -13.499 -13.965 -14.421 -14.492 -14.614 -14.432 
7.47475 -9.116 -11.131 -12.550 -13.520 -14.006 -14.255 -14.435 -14.490 -14.339 
7.67677 -8.753 -10.783 -12.404 -13.364 -13.940 -14.237 -14.296 -14.474 -14.372 
7.87879 -8.659 -10.965 -12.322 -13.210 -13.812 -14.220 -14.340 -14.362 -14.375 
8.08081 -8.300 -10.874 -12.234 -13.167 -13.775 -14.140 -14.234 -14.316 -14.336 
8.28283 -8.340 -10.502 -12.101 -12.983 -13.711 -14.014 -14.205 -14.263 -14.305 
8.48485 -8.126 -10.510 -11.934 -12.910 -13.628 -14.002 -14.117 -14.078 -14.124 
8.68687 -7.874 -10.402 -11.900 -12.948 -13.596 -13.944 -14.017 -14.138 -14.120 
8.88889 -7.706 -10.151 -11.829 -12.884 -13.473 -13.913 -14.021 -14.159 -14.148 
9.09091 -7.275 -10.138 -11.643 -12.676 -13.473 -13.843 -13.932 -13.974 -14.103 
9.29293 -7.518 -10.208 -11.758 -12.717 -13.354 -13.604 -13.940 -13.942 -13.963 
9.49495 -7.431 -9.929 -11.507 -12.588 -13.307 -13.702 -13.944 -13.892 -13.995 
9.69697 -7.127 -9.699 -11.348 -12.522 -13.184 -13.615 -13.830 -13.837 -13.896 
9.89899 -6.920 -9.566 -11.267 -12.464 -13.146 -13.579 -13.791 -13.854 -13.931 
10.10101 -6.697 -9.424 -11.226 -12.387 -13.142 -13.535 -13.743 -13.851 -13.781 
10.30303 -6.636 -9.604 -11.170 -12.294 -13.034 -13.393 -13.679 -13.802 -13.675 
10.50505 -6.382 -9.494 -11.090 -12.263 -12.903 -13.306 -13.572 -13.709 -13.726 
10.70707 -6.054 -9.140 -10.969 -12.134 -12.870 -13.281 -13.565 -13.721 -13.676 
10.90909 -5.962 -9.051 -10.612 -12.053 -12.845 -13.226 -13.462 -13.614 -13.674 
11.11111 -5.633 -8.929 -10.808 -11.983 -12.693 -13.179 -13.449 -13.547 -13.581 
11.31313 -5.690 -8.876 -10.508 -11.777 -12.611 -13.057 -13.382 -13.529 -13.530 
11.51515 -5.294 -8.446 -10.351 -11.843 -12.649 -12.963 -13.374 -13.462 -13.490 
11.71717 -5.418 -8.348 -10.272 -11.640 -12.499 -12.936 -13.311 -13.413 -13.415 
11.91919 -5.112 -8.123 -10.233 -11.532 -12.479 -12.959 -13.264 -13.469 -13.389 
12.12121 -5.213 -8.282 -10.172 -11.573 -12.382 -12.797 -13.204 -13.443 -13.401 
12.32323 -5.310 -7.976 -10.011 -11.475 -12.315 -12.757 -13.197 -13.385 -13.343 
12.52525 -4.714 -7.918 -9.919 -11.347 -12.218 -12.688 -13.128 -13.280 -13.362 
12.72727 -4.359 -7.794 -9.907 -11.332 -12.195 -12.725 -13.106 -13.266 -13.304 
12.92929 -4.385 -7.500 -9.730 -11.190 -12.117 -12.605 -13.028 -13.224 -13.256 
13.13131 -4.156 -7.546 -9.888 -11.161 -12.036 -12.544 -12.938 -13.195 -13.204 
13.33333 -4.410 -7.340 -9.524 -11.100 -12.009 -12.592 -12.949 -13.126 -13.202 
13.53535 -3.832 -7.451 -9.445 -11.026 -11.933 -12.425 -12.858 -13.133 -13.190 
13.73737 -4.005 -6.959 -9.386 -10.963 -11.845 -12.422 -12.815 -13.058 -13.157 
13.93939 -3.857 -7.061 -9.277 -10.828 -11.785 -12.348 -12.860 -13.001 -13.125 
14.14141 -3.654 -6.888 -9.153 -10.774 -11.743 -12.270 -12.794 -12.993 -13.108 
14.34343 -3.928 -6.623 -8.934 -10.657 -11.657 -12.185 -12.741 -13.011 -13.051 
14.54545 -3.494 -6.731 -9.085 -10.664 -11.619 -12.189 -12.726 -12.983 -13.070 
14.74747 -3.139 -6.866 -8.859 -10.538 -11.588 -12.109 -12.745 -12.902 -12.999 
14.94949 -3.246 -6.445 -8.682 -10.372 -11.496 -12.062 -12.616 -12.880 -12.899 
15.15152 -3.093 -6.392 -8.672 -10.442 -11.378 -11.999 -12.603 -12.827 -12.983 
15.35354 -2.789 -5.880 -8.679 -10.326 -11.368 -11.924 -12.572 -12.845 -12.937 
15.55556 -3.882 -5.995 -8.353 -10.270 -11.374 -11.897 -12.580 -12.829 -12.925 
15.75758 -2.685 -5.659 -8.356 -10.259 -11.246 -11.882 -12.437 -12.810 -12.868 
15.95960 -2.561 -5.836 -8.171 -10.149 -11.238 -11.874 -12.418 -12.727 -12.871 
16.16162 -2.751 -5.976 -8.264 -9.985 -11.244 -11.799 -12.356 -12.779 -12.891 
16.36364 -2.128 -5.397 -8.249 -10.043 -11.098 -11.788 -12.375 -12.728 -12.775 
16.56566 -2.039 -5.676 -8.124 -10.027 -11.111 -11.694 -12.311 -12.677 -12.823 
16.76768 -1.862 -5.289 -7.965 -9.857 -11.059 -11.718 -12.322 -12.668 -12.797 
16.96970 -1.727 -5.480 -7.860 -9.869 -11.046 -11.670 -12.280 -12.653 -12.921 
17.17172 -1.629 -5.179 -7.916 -9.752 -10.867 -11.560 -12.280 -12.625 -12.853 
17.37374 -1.489 -5.015 -7.679 -9.685 -10.919 -11.515 -12.251 -12.591 -12.739 
17.57576 -1.392 -5.016 -7.697 -9.617 -10.862 -11.543 -12.263 -12.637 -12.830 
17.77778 -1.241 -4.928 -7.601 -9.710 -10.865 -11.448 -12.166 -12.567 -12.698 
17.97980 -1.142 -4.857 -7.594 -9.551 -10.850 -11.496 -12.185 -12.554 -12.741 
18.18182 -1.014 -4.643 -7.617 -9.458 -10.698 -11.409 -12.135 -12.566 -12.711 
18.38384 -0.944 -4.567 -7.296 -9.324 -10.704 -11.356 -12.055 -12.531 -12.741 
18.58586 -0.840 -4.519 -7.275 -9.384 -10.625 -11.315 -12.043 -12.512 -12.665 
18.78788 -0.804 -3.999 -7.191 -9.323 -10.570 -11.288 -11.999 -12.533 -12.720 
18.98990 -0.715 -4.356 -7.071 -9.236 -10.511 -11.189 -11.963 -12.506 -12.695 
19.19192 -0.687 -4.151 -6.887 -9.197 -10.472 -11.210 -11.949 -12.430 -12.599 
19.39394 -0.606 -3.808 -6.999 -9.087 -10.478 -11.158 -11.973 -12.385 -12.637 
19.59596 -0.612 -3.604 -6.904 -8.925 -10.338 -11.104 -11.949 -12.370 -12.627 
19.79798 -0.469 -3.403 -6.558 -8.840 -10.274 -11.066 -11.780 -12.320 -12.562 
20.00000 -0.343 -3.443 -6.528 -8.766 -10.212 -11.049 -11.697 -12.283 -12.405 
