# t[days] u g r i z y J H K
0.20202 -12.841 -13.130 -12.525 -12.495 -13.551 -12.044 -11.295 -11.512 nan 
0.40404 -13.779 -14.312 -14.387 -14.501 -14.384 -12.453 -13.132 -7.146 -13.582 
0.60606 -13.956 -14.861 -14.348 -14.384 -13.940 -14.009 -12.932 -12.850 -11.645 
0.80808 -13.965 -14.666 -14.727 -14.478 -13.822 -13.625 -13.591 -13.039 -12.542 
1.01010 -13.355 -14.578 -14.893 -14.399 -14.656 -13.587 -13.464 -13.500 -13.684 
1.21212 -13.755 -14.922 -15.077 -15.104 -15.228 -15.211 -14.894 -14.280 -14.404 
1.41414 -13.990 -15.054 -15.413 -15.469 -15.861 -15.568 -15.300 -15.114 -14.511 
1.61616 -13.789 -14.971 -15.350 -15.627 -15.867 -15.877 -15.417 -15.089 -15.059 
1.81818 -13.670 -14.879 -15.235 -15.585 -15.907 -15.982 -15.732 -15.525 -15.189 
2.02020 -13.448 -14.671 -15.261 -15.676 -15.706 -15.892 -15.717 -15.393 -15.293 
2.22222 -13.456 -14.374 -15.042 -15.482 -15.848 -15.797 -15.679 -15.509 -15.271 
2.42424 -12.904 -14.132 -14.835 -15.281 -15.586 -15.828 -15.550 -15.451 -15.285 
2.62626 -12.729 -13.700 -14.556 -15.150 -15.535 -15.764 -15.606 -15.305 -15.110 
2.82828 -12.499 -13.509 -14.398 -15.063 -15.427 -15.593 -15.365 -15.220 -14.701 
3.03030 -12.374 -13.332 -14.168 -14.901 -15.298 -15.424 -15.319 -15.097 -14.785 
3.23232 -12.127 -13.325 -14.053 -14.755 -15.142 -15.303 -15.294 -14.972 -15.060 
3.43434 -11.869 -13.159 -13.900 -14.507 -14.926 -15.264 -15.069 -14.987 -14.861 
3.63636 -11.496 -12.845 -13.643 -14.460 -14.835 -15.152 -14.987 -14.797 -14.609 
3.83838 -11.482 -12.715 -13.598 -14.223 -14.826 -15.000 -14.868 -14.711 -14.392 
4.04040 -11.212 -12.622 -13.516 -14.178 -14.660 -15.019 -14.763 -14.719 -14.369 
4.24242 -10.838 -12.266 -13.364 -14.100 -14.564 -14.843 -14.700 -14.541 -14.346 
4.44444 -10.982 -12.353 -13.276 -13.959 -14.471 -14.660 -14.604 -14.465 -14.104 
4.64646 -10.711 -12.237 -13.254 -13.865 -14.265 -14.613 -14.471 -14.227 -14.111 
4.84848 -10.446 -12.161 -13.042 -13.843 -14.298 -14.597 -14.370 -14.282 -14.013 
5.05051 -10.165 -11.749 -12.876 -13.578 -14.151 -14.356 -14.344 -14.092 -14.051 
5.25253 -9.850 -11.650 -12.750 -13.505 -14.086 -14.332 -14.275 -14.069 -13.799 
5.45455 -9.850 -11.495 -12.535 -13.389 -13.978 -14.164 -14.142 -13.981 -13.494 
5.65657 -9.521 -11.369 -12.618 -13.335 -13.928 -14.212 -14.103 -13.854 -13.528 
5.85859 -9.517 -11.255 -12.370 -13.143 -13.780 -13.988 -13.997 -13.751 -13.740 
6.06061 -8.786 -10.903 -12.230 -13.099 -13.644 -13.963 -13.980 -13.757 -13.772 
6.26263 -8.623 -10.829 -12.120 -13.007 -13.575 -13.864 -13.871 -13.724 -13.452 
6.46465 -8.517 -10.730 -11.969 -12.933 -13.475 -13.849 -13.821 -13.575 -13.315 
6.66667 -8.583 -10.694 -11.772 -12.762 -13.331 -13.690 -13.683 -13.528 -13.206 
6.86869 -7.934 -10.239 -11.855 -12.710 -13.365 -13.609 -13.575 -13.438 -13.253 
7.07071 -7.892 -10.138 -11.723 -12.595 -13.250 -13.528 -13.666 -13.415 -13.145 
7.27273 -7.545 -10.073 -11.502 -12.523 -13.186 -13.433 -13.482 -13.329 -13.291 
7.47475 -7.035 -9.815 -11.353 -12.425 -13.032 -13.345 -13.430 -13.400 -13.171 
7.67677 -6.682 -9.707 -11.271 -12.305 -12.970 -13.290 -13.331 -13.292 -13.054 
7.87879 -6.707 -9.423 -11.144 -12.172 -12.897 -13.127 -13.326 -13.203 -13.065 
8.08081 -6.624 -9.227 -11.078 -12.153 -12.785 -13.090 -13.238 -13.268 -13.009 
8.28283 -6.311 -9.285 -10.905 -11.988 -12.752 -12.984 -13.171 -13.094 -12.925 
8.48485 -6.199 -9.154 -10.873 -11.968 -12.566 -12.880 -13.075 -13.059 -12.933 
8.68687 -6.298 -8.844 -10.665 -11.849 -12.564 -12.845 -12.988 -13.102 -12.903 
8.88889 -5.593 -8.771 -10.527 -11.644 -12.458 -12.784 -12.985 -12.997 -12.813 
9.09091 -5.642 -8.459 -10.509 -11.640 -12.333 -12.760 -12.860 -12.988 -12.753 
9.29293 -5.391 -8.429 -10.237 -11.558 -12.262 -12.672 -12.846 -12.879 -12.794 
9.49495 -6.521 -8.356 -10.185 -11.477 -12.193 -12.689 -12.813 -12.863 -12.717 
9.69697 -5.690 -8.171 -10.091 -11.394 -12.138 -12.538 -12.796 -12.846 -12.758 
9.89899 -4.831 -7.969 -9.958 -11.279 -12.049 -12.451 -12.738 -12.820 -12.695 
10.10101 -4.464 -7.850 -9.938 -11.200 -11.989 -12.413 -12.735 -12.785 -12.769 
10.30303 -5.137 -7.672 -9.729 -11.145 -11.967 -12.383 -12.654 -12.719 -12.689 
10.50505 -3.707 -7.411 -9.710 -11.145 -11.892 -12.307 -12.614 -12.677 -12.654 
10.70707 -3.703 -7.479 -9.576 -10.996 -11.777 -12.208 -12.584 -12.647 -12.632 
10.90909 -3.702 -7.107 -9.443 -10.952 -11.768 -12.194 -12.538 -12.670 -12.561 
11.11111 -4.771 -7.099 -9.383 -10.832 -11.675 -12.110 -12.486 -12.615 -12.531 
11.31313 -2.971 -6.916 -9.184 -10.781 -11.683 -12.092 -12.491 -12.633 -12.621 
11.51515 -2.940 -6.719 -9.082 -10.713 -11.571 -12.032 -12.443 -12.596 -12.611 
11.71717 -2.927 -6.637 -9.068 -10.650 -11.552 -12.045 -12.371 -12.578 -12.469 
11.91919 -2.845 -7.019 -9.093 -10.560 -11.511 -11.918 -12.381 -12.596 -12.559 
12.12121 -2.383 -6.278 -8.854 -10.478 -11.429 -11.891 -12.309 -12.509 -12.546 
12.32323 -2.321 -6.206 -8.858 -10.394 -11.398 -11.856 -12.311 -12.521 -12.491 
12.52525 -3.026 -5.986 -8.737 -10.324 -11.305 -11.767 -12.251 -12.488 -12.516 
12.72727 -2.040 -6.113 -8.714 -10.313 -11.262 -11.783 -12.269 -12.479 -12.512 
12.92929 -2.152 -6.162 -8.494 -10.232 -11.185 -11.752 -12.195 -12.441 -12.508 
13.13131 -2.570 -5.943 -8.424 -10.147 -11.171 -11.744 -12.176 -12.476 -12.437 
13.33333 -1.677 -5.418 -8.252 -10.089 -11.151 -11.676 -12.136 -12.451 -12.427 
13.53535 -1.609 -5.485 -8.138 -10.110 -11.051 -11.619 -12.112 -12.415 -12.431 
13.73737 -1.437 -5.372 -8.061 -9.953 -10.959 -11.596 -12.069 -12.381 -12.430 
13.93939 -1.536 -5.486 -7.984 -9.862 -10.933 -11.500 -12.015 -12.315 -12.380 
14.14141 -1.197 -5.174 -7.865 -9.911 -10.909 -11.448 -12.055 -12.335 -12.422 
14.34343 -1.109 -5.151 -7.790 -9.787 -10.847 -11.433 -11.957 -12.343 -12.416 
14.54545 -0.961 -4.692 -7.706 -9.625 -10.788 -11.371 -11.986 -12.302 -12.349 
14.74747 -0.811 -4.591 -7.740 -9.568 -10.697 -11.326 -11.880 -12.230 -12.346 
14.94949 -0.696 -4.189 -7.785 -9.569 -10.637 -11.219 -11.881 -12.228 -12.370 
15.15152 -0.487 -4.342 -7.407 -9.499 -10.619 -11.221 -11.794 -12.219 -12.322 
15.35354 -0.514 -4.273 -7.444 -9.389 -10.514 -11.169 -11.761 -12.208 -12.323 
15.55556 -0.189 -4.513 -7.400 -9.320 -10.581 -11.171 -11.794 -12.178 -12.358 
15.75758 -0.057 -4.462 -7.175 -9.274 -10.506 -11.034 -11.674 -12.139 -12.294 
15.95960 0.101 -3.892 -7.205 -9.201 -10.376 -11.005 -11.651 -12.090 -12.274 
16.16162 0.262 -4.008 -7.083 -9.162 -10.318 -10.979 -11.631 -12.087 -12.231 
16.36364 0.431 -3.607 -6.942 -9.080 -10.274 -10.921 -11.589 -12.046 -12.198 
16.56566 0.526 -3.606 -6.889 -8.935 -10.326 -10.858 -11.548 -12.002 -12.151 
16.76768 0.654 -3.412 -6.639 -8.897 -10.184 -10.781 -11.519 -11.943 -12.197 
16.96970 0.245 -3.360 -6.617 -8.833 -10.066 -10.759 -11.448 -11.938 -12.144 
17.17172 0.861 -3.060 -6.624 -8.821 -10.023 -10.651 -11.417 -11.875 -12.212 
17.37374 1.090 -2.925 -6.497 -8.679 -10.050 -10.606 -11.361 -11.838 -12.135 
17.57576 1.256 -2.841 -6.361 -8.657 -9.896 -10.689 -11.316 -11.818 -12.090 
17.77778 1.277 -3.174 -6.191 -8.579 -9.880 -10.507 -11.301 -11.826 -12.054 
17.97980 1.482 -3.404 -6.246 -8.467 -9.871 -10.552 -11.258 -11.788 -12.021 
18.18182 1.574 -3.112 -6.164 -8.385 -9.791 -10.383 -11.232 -11.743 -12.035 
18.38384 1.744 -2.029 -5.874 -8.334 -9.631 -10.313 -11.151 -11.703 -11.962 
18.58586 1.755 -1.936 -5.801 -8.274 -9.617 -10.298 -11.139 -11.682 -11.987 
18.78788 1.850 -2.072 -6.150 -8.294 -9.559 -10.281 -11.065 -11.648 -11.905 
18.98990 2.224 -1.617 -5.781 -8.122 -9.463 -10.112 -11.021 -11.642 -11.921 
19.19192 2.282 -2.335 -5.860 -8.053 -9.388 -10.231 -10.965 -11.535 -11.920 
19.39394 2.404 -1.834 -5.613 -8.014 -9.279 -10.029 -10.876 -11.483 -11.743 
19.59596 2.491 -0.913 -5.318 -7.822 -9.228 -10.063 -10.778 -11.456 -11.764 
19.79798 2.652 -2.244 -5.023 -7.789 -9.202 -9.882 -10.762 -11.333 -11.625 
20.00000 2.805 -0.406 -5.047 -7.464 -9.000 -9.718 -10.550 -11.219 -11.574 
