# t[days] u g r i z y J H K
0.20202 -11.068 -10.671 -11.639 -11.787 -7.944 -6.950 -5.422 -0.817 -6.118 
0.40404 -14.546 -15.164 -15.696 -15.271 -14.592 -14.429 -13.609 -14.060 -9.568 
0.60606 -15.177 -16.205 -16.469 -16.326 -15.436 -14.964 -13.599 -12.894 -13.065 
0.80808 -15.452 -16.479 -16.996 -16.601 -15.950 -15.647 -14.670 -14.412 -13.860 
1.01010 -15.396 -16.693 -17.134 -16.970 -16.121 -15.070 -14.176 -14.157 -13.217 
1.21212 -15.119 -16.690 -17.242 -17.025 -16.281 -15.689 -14.750 -14.043 -13.568 
1.41414 -14.834 -16.548 -17.171 -16.952 -16.367 -15.844 -15.015 -14.718 -13.979 
1.61616 -14.463 -16.406 -17.104 -16.773 -16.139 -15.516 -15.307 -14.736 -14.533 
1.81818 -14.002 -16.166 -16.878 -16.687 -15.985 -15.595 -15.026 -14.643 -13.895 
2.02020 -13.556 -15.865 -16.637 -16.515 -16.016 -15.467 -15.032 -14.512 -14.455 
2.22222 -13.070 -15.565 -16.400 -16.254 -15.738 -15.383 -14.923 -14.824 -14.049 
2.42424 -12.605 -15.245 -16.084 -15.991 -15.619 -15.370 -14.939 -14.722 -14.389 
2.62626 -12.310 -14.905 -15.759 -15.806 -15.522 -15.221 -14.968 -14.693 -14.092 
2.82828 -11.810 -14.623 -15.517 -15.588 -15.373 -15.269 -14.806 -14.543 -14.282 
3.03030 -11.583 -14.214 -15.136 -15.166 -15.163 -15.093 -14.772 -14.555 -14.463 
3.23232 -11.041 -13.911 -14.947 -15.101 -14.921 -14.982 -14.739 -14.507 -14.244 
3.43434 -10.756 -13.633 -14.664 -14.924 -14.926 -14.828 -14.686 -14.496 -14.181 
3.63636 -10.552 -13.382 -14.471 -14.730 -14.778 -14.887 -14.595 -14.399 -14.205 
3.83838 -10.065 -13.161 -14.215 -14.630 -14.655 -14.708 -14.533 -14.405 -14.295 
4.04040 -9.961 -12.874 -14.086 -14.389 -14.465 -14.677 -14.451 -14.297 -14.130 
4.24242 -9.714 -12.669 -13.836 -14.252 -14.464 -14.581 -14.370 -14.221 -14.111 
4.44444 -9.422 -12.455 -13.709 -14.119 -14.332 -14.516 -14.313 -14.240 -14.022 
4.64646 -9.115 -12.250 -13.463 -13.992 -14.146 -14.356 -14.313 -14.136 -13.926 
4.84848 -8.945 -11.997 -13.328 -13.909 -14.152 -14.275 -14.200 -14.100 -13.987 
5.05051 -8.826 -11.805 -13.142 -13.778 -14.080 -14.241 -14.085 -14.085 -14.006 
5.25253 -8.521 -11.562 -12.955 -13.614 -13.980 -14.190 -14.048 -14.062 -13.939 
5.45455 -8.480 -11.538 -12.919 -13.520 -13.888 -14.009 -14.064 -13.982 -13.937 
5.65657 -8.184 -11.247 -12.742 -13.427 -13.754 -13.989 -13.961 -13.963 -13.830 
5.85859 -8.214 -11.141 -12.662 -13.398 -13.694 -13.895 -13.904 -13.841 -13.770 
6.06061 -7.841 -11.089 -12.554 -13.271 -13.660 -13.832 -13.856 -13.810 -13.810 
6.26263 -7.730 -10.812 -12.421 -13.145 -13.574 -13.770 -13.815 -13.847 -13.769 
6.46465 -7.514 -10.717 -12.175 -12.968 -13.490 -13.679 -13.758 -13.725 -13.713 
6.66667 -7.363 -10.463 -12.074 -12.882 -13.453 -13.631 -13.736 -13.749 -13.643 
6.86869 -6.929 -10.208 -11.966 -12.813 -13.365 -13.539 -13.671 -13.659 -13.680 
7.07071 -6.825 -10.069 -11.825 -12.724 -13.188 -13.515 -13.632 -13.616 -13.604 
7.27273 -6.614 -10.028 -11.733 -12.574 -13.068 -13.405 -13.506 -13.539 -13.542 
7.47475 -6.514 -9.832 -11.611 -12.546 -13.064 -13.291 -13.433 -13.507 -13.528 
7.67677 -6.291 -9.505 -11.471 -12.449 -13.007 -13.241 -13.455 -13.468 -13.447 
7.87879 -5.952 -9.397 -11.310 -12.353 -12.894 -13.138 -13.356 -13.445 -13.367 
8.08081 -5.713 -9.221 -11.157 -12.171 -12.848 -13.161 -13.290 -13.360 -13.359 
8.28283 -5.452 -8.990 -11.051 -12.119 -12.775 -13.014 -13.205 -13.297 -13.318 
8.48485 -5.353 -8.842 -10.795 -11.995 -12.664 -12.975 -13.130 -13.236 -13.233 
8.68687 -5.115 -8.756 -10.782 -11.914 -12.525 -12.827 -13.090 -13.181 -13.291 
8.88889 -5.143 -8.827 -10.713 -11.869 -12.502 -12.793 -13.065 -13.186 -13.226 
9.09091 -4.761 -8.396 -10.552 -11.734 -12.376 -12.743 -12.987 -13.114 -13.194 
9.29293 -4.962 -8.308 -10.387 -11.593 -12.308 -12.667 -13.002 -13.068 -13.137 
9.49495 -4.532 -8.220 -10.267 -11.482 -12.274 -12.605 -12.860 -13.034 -13.114 
9.69697 -4.013 -8.091 -10.151 -11.442 -12.171 -12.535 -12.790 -12.942 -13.081 
9.89899 -4.250 -7.682 -9.998 -11.339 -12.175 -12.510 -12.795 -12.949 -13.049 
10.10101 -4.400 -7.630 -9.817 -11.253 -12.050 -12.362 -12.739 -12.910 -13.001 
10.30303 -3.855 -7.546 -9.794 -11.201 -12.004 -12.359 -12.724 -12.916 -12.945 
10.50505 -4.195 -7.487 -9.683 -11.156 -11.947 -12.290 -12.672 -12.846 -12.964 
10.70707 -3.409 -7.164 -9.654 -11.043 -11.803 -12.237 -12.592 -12.811 -12.998 
10.90909 -3.009 -7.031 -9.394 -10.968 -11.846 -12.235 -12.557 -12.800 -12.903 
11.11111 -3.103 -6.971 -9.266 -10.877 -11.753 -12.186 -12.575 -12.812 -12.891 
11.31313 -3.129 -6.902 -9.333 -10.801 -11.678 -12.098 -12.520 -12.746 -12.904 
11.51515 -2.879 -6.293 -9.091 -10.632 -11.598 -12.051 -12.390 -12.633 -12.759 
11.71717 -2.869 -6.486 -9.029 -10.708 -11.557 -12.023 -12.440 -12.699 -12.791 
11.91919 -2.336 -6.414 -9.030 -10.595 -11.506 -11.974 -12.376 -12.659 -12.805 
12.12121 -2.612 -6.216 -8.841 -10.446 -11.450 -11.971 -12.313 -12.594 -12.747 
12.32323 -2.182 -6.050 -8.801 -10.470 -11.346 -11.859 -12.296 -12.617 -12.723 
12.52525 -2.020 -5.921 -8.706 -10.433 -11.350 -11.836 -12.315 -12.563 -12.782 
12.72727 -1.906 -5.863 -8.498 -10.310 -11.340 -11.779 -12.271 -12.573 -12.627 
12.92929 -2.190 -5.772 -8.527 -10.244 -11.211 -11.716 -12.205 -12.556 -12.700 
13.13131 -1.719 -5.614 -8.397 -10.217 -11.172 -11.740 -12.199 -12.502 -12.668 
13.33333 -1.656 -5.705 -8.371 -10.167 -11.159 -11.685 -12.161 -12.534 -12.677 
13.53535 -2.013 -5.336 -8.268 -10.059 -11.037 -11.670 -12.173 -12.470 -12.673 
13.73737 -1.966 -5.055 -8.091 -9.984 -11.040 -11.533 -12.128 -12.438 -12.554 
13.93939 -1.313 -4.886 -8.068 -9.920 -10.906 -11.568 -12.093 -12.448 -12.600 
14.14141 -1.160 -5.016 -7.959 -9.826 -10.950 -11.526 -12.042 -12.425 -12.611 
14.34343 -1.068 -4.982 -7.847 -9.765 -10.886 -11.453 -12.011 -12.352 -12.532 
14.54545 -0.887 -4.625 -7.684 -9.719 -10.804 -11.420 -11.927 -12.333 -12.537 
14.74747 -2.485 -4.771 -7.699 -9.637 -10.736 -11.340 -11.891 -12.281 -12.519 
14.94949 -0.566 -4.380 -7.485 -9.470 -10.716 -11.294 -11.877 -12.314 -12.492 
15.15152 -0.437 -4.464 -7.693 -9.512 -10.689 -11.276 -11.848 -12.298 -12.514 
15.35354 -0.425 -4.256 -7.507 -9.481 -10.546 -11.173 -11.851 -12.231 -12.472 
15.55556 -0.234 -3.939 -7.261 -9.349 -10.563 -11.119 -11.738 -12.230 -12.453 
15.75758 0.030 -4.037 -7.247 -9.286 -10.407 -11.068 -11.748 -12.178 -12.365 
15.95960 0.171 -3.429 -7.070 -9.232 -10.395 -11.037 -11.649 -12.131 -12.412 
16.16162 0.255 -3.744 -6.968 -9.017 -10.276 -11.006 -11.652 -12.106 -12.371 
16.36364 0.429 -3.557 -6.927 -9.128 -10.299 -10.896 -11.613 -12.082 -12.301 
16.56566 0.560 -3.409 -6.933 -8.931 -10.262 -10.926 -11.571 -12.081 -12.384 
16.76768 0.758 -3.133 -6.640 -8.894 -10.200 -10.867 -11.592 -12.017 -12.268 
16.96970 0.851 -2.871 -6.679 -8.795 -10.097 -10.738 -11.496 -11.992 -12.228 
17.17172 1.011 -3.094 -6.610 -8.693 -10.036 -10.721 -11.466 -11.985 -12.243 
17.37374 1.108 -2.549 -6.423 -8.638 -9.989 -10.675 -11.419 -11.919 -12.182 
17.57576 1.150 -2.597 -6.431 -8.634 -9.919 -10.628 -11.394 -11.878 -12.159 
17.77778 1.327 -3.055 -6.474 -8.583 -9.903 -10.534 -11.360 -11.847 -12.123 
17.97980 1.432 -2.485 -6.094 -8.518 -9.898 -10.465 -11.204 -11.814 -12.089 
18.18182 1.615 -2.475 -6.017 -8.356 -9.759 -10.356 -11.204 -11.714 -12.065 
18.38384 1.788 -2.316 -6.180 -8.453 -9.785 -10.357 -11.176 -11.763 -12.100 
18.58586 1.906 -2.247 -5.977 -8.336 -9.671 -10.384 -11.143 -11.712 -12.019 
18.78788 1.962 -2.019 -5.856 -8.133 -9.573 -10.275 -11.090 -11.666 -11.982 
18.98990 2.204 -2.163 -6.006 -8.076 -9.601 -10.232 -11.028 -11.635 -11.987 
19.19192 2.254 -1.206 -5.646 -8.180 -9.407 -10.138 -10.950 -11.573 -11.948 
19.39394 2.387 -1.573 -5.730 -8.044 -9.400 -10.100 -10.874 -11.507 -11.865 
19.59596 2.403 -1.485 -5.432 -7.966 -9.298 -10.088 -10.866 -11.457 -11.775 
19.79798 2.679 -2.045 -5.330 -7.738 -9.227 -9.901 -10.816 -11.321 -11.723 
20.00000 2.970 -1.678 -5.262 -7.572 -9.000 -9.777 -10.601 -11.221 -11.618 
