# t[days] u g r i z y J H K
0.20202 -11.013 -10.494 -10.291 -9.888 -11.431 -12.012 -9.406 -7.734 -4.678 
0.40404 -13.009 -13.043 -13.677 -14.037 -14.149 -13.920 -13.582 -12.467 -10.494 
0.60606 -13.520 -14.062 -14.656 -14.771 -14.912 -14.600 -14.450 -14.265 -13.878 
0.80808 -13.311 -14.294 -15.019 -15.498 -15.638 -15.455 -15.320 -14.955 -14.193 
1.01010 -12.946 -14.101 -14.953 -15.580 -15.665 -15.774 -15.573 -15.308 -14.448 
1.21212 -12.474 -13.989 -14.824 -15.474 -15.676 -15.671 -15.636 -15.357 -15.040 
1.41414 -11.679 -13.384 -14.648 -15.321 -15.636 -15.637 -15.496 -15.367 -15.263 
1.61616 -11.475 -12.985 -14.246 -15.109 -15.511 -15.587 -15.570 -15.296 -15.130 
1.81818 -11.005 -12.509 -13.861 -14.888 -15.284 -15.458 -15.473 -15.322 -15.205 
2.02020 -10.813 -11.975 -13.633 -14.621 -15.203 -15.204 -15.370 -15.414 -15.171 
2.22222 -10.405 -11.560 -13.197 -14.357 -14.837 -15.056 -15.160 -15.181 -15.030 
2.42424 -10.154 -11.292 -12.791 -14.134 -14.655 -14.795 -15.030 -15.092 -15.113 
2.62626 -9.941 -10.859 -12.503 -13.806 -14.440 -14.907 -14.852 -15.002 -15.078 
2.82828 -9.724 -10.532 -12.231 -13.744 -14.349 -14.563 -14.840 -14.947 -15.025 
3.03030 -9.506 -10.299 -11.905 -13.433 -14.127 -14.433 -14.769 -14.872 -14.934 
3.23232 -9.279 -10.113 -11.849 -13.273 -13.958 -14.316 -14.646 -14.826 -14.880 
3.43434 -9.094 -9.969 -11.617 -13.091 -13.978 -14.125 -14.491 -14.764 -14.783 
3.63636 -8.854 -9.566 -11.207 -12.841 -13.684 -14.102 -14.476 -14.720 -14.809 
3.83838 -8.626 -9.321 -11.081 -12.727 -13.619 -13.908 -14.354 -14.578 -14.561 
4.04040 -8.412 -9.180 -10.820 -12.409 -13.346 -13.837 -14.157 -14.500 -14.606 
4.24242 -8.203 -8.933 -10.531 -12.309 -13.288 -13.686 -14.145 -14.439 -14.617 
4.44444 -7.979 -8.775 -10.427 -12.126 -13.103 -13.506 -13.941 -14.350 -14.584 
4.64646 -7.718 -8.579 -10.355 -11.994 -12.988 -13.445 -13.873 -14.223 -14.501 
4.84848 -7.463 -8.236 -9.960 -11.813 -12.902 -13.331 -13.849 -14.188 -14.406 
5.05051 -7.226 -8.096 -9.893 -11.631 -12.704 -13.186 -13.673 -14.078 -14.306 
5.25253 -6.984 -8.006 -9.620 -11.581 -12.612 -13.085 -13.630 -13.976 -14.168 
5.45455 -6.744 -7.682 -9.509 -11.354 -12.535 -12.891 -13.425 -13.844 -14.117 
5.65657 -6.558 -7.481 -9.372 -11.204 -12.378 -12.852 -13.341 -13.696 -14.067 
5.85859 -6.305 -7.255 -9.178 -11.109 -12.251 -12.725 -13.165 -13.711 -13.921 
6.06061 -6.100 -7.181 -9.093 -11.027 -12.222 -12.640 -13.160 -13.551 -13.880 
6.26263 -5.862 -6.909 -8.947 -10.871 -12.023 -12.445 -13.015 -13.506 -13.867 
6.46465 -5.635 -6.752 -8.988 -10.827 -11.939 -12.473 -12.935 -13.431 -13.864 
6.66667 -5.428 -6.709 -8.698 -10.664 -11.874 -12.281 -12.848 -13.338 -13.756 
6.86869 -5.217 -6.413 -8.598 -10.670 -11.806 -12.084 -12.730 -13.290 -13.659 
7.07071 -4.980 -6.324 -8.504 -10.483 -11.662 -12.143 -12.595 -13.224 -13.512 
7.27273 -4.765 -6.194 -8.514 -10.454 -11.600 -11.994 -12.558 -13.077 -13.483 
7.47475 -4.539 -6.144 -8.270 -10.323 -11.465 -11.908 -12.430 -12.904 -13.295 
7.67677 -4.351 -5.975 -8.299 -10.191 -11.364 -11.880 -12.373 -12.891 -13.277 
7.87879 -4.137 -5.849 -8.175 -10.156 -11.314 -11.724 -12.224 -12.773 -13.116 
8.08081 -3.937 -5.673 -8.093 -10.099 -11.186 -11.687 -12.139 -12.721 -13.079 
8.28283 -3.724 -5.594 -8.031 -10.055 -11.207 -11.684 -12.048 -12.569 -13.059 
8.48485 -3.555 -5.439 -8.003 -9.937 -11.092 -11.527 -12.038 -12.633 -12.962 
8.68687 -3.370 -5.315 -7.813 -9.901 -11.016 -11.555 -12.014 -12.515 -12.909 
8.88889 -3.236 -5.309 -7.744 -9.846 -10.964 -11.446 -11.885 -12.471 -12.850 
9.09091 -3.109 -5.192 -7.775 -9.800 -10.900 -11.412 -11.905 -12.387 -12.784 
9.29293 -2.969 -4.991 -7.621 -9.681 -10.899 -11.349 -11.770 -12.337 -12.762 
9.49495 -2.822 -5.138 -7.624 -9.695 -10.788 -11.258 -11.765 -12.341 -12.631 
9.69697 -2.682 -4.739 -7.460 -9.525 -10.770 -11.300 -11.777 -12.208 -12.572 
9.89899 -2.574 -4.784 -7.520 -9.558 -10.685 -11.185 -11.681 -12.168 -12.648 
10.10101 -2.437 -4.508 -7.356 -9.450 -10.657 -11.178 -11.660 -12.170 -12.531 
10.30303 -2.309 -4.610 -7.374 -9.377 -10.577 -11.148 -11.570 -12.086 -12.551 
10.50505 -2.133 -4.828 -7.379 -9.350 -10.606 -11.077 -11.541 -12.082 -12.497 
10.70707 -2.002 -4.303 -7.269 -9.348 -10.523 -11.009 -11.558 -12.039 -12.417 
10.90909 -1.824 -4.345 -7.189 -9.211 -10.404 -11.009 -11.533 -11.914 -12.336 
11.11111 -1.647 -4.236 -7.105 -9.269 -10.445 -10.906 -11.495 -11.917 -12.337 
11.31313 -1.497 -4.282 -7.058 -9.123 -10.394 -10.873 -11.426 -11.872 -12.286 
11.51515 -1.290 -3.867 -6.917 -9.136 -10.248 -10.885 -11.344 -11.807 -12.194 
11.71717 -1.167 -3.861 -6.948 -9.037 -10.266 -10.877 -11.366 -11.792 -12.264 
11.91919 -0.962 -3.910 -6.843 -8.981 -10.182 -10.804 -11.247 -11.797 -12.134 
12.12121 -0.877 -3.592 -6.749 -8.974 -10.192 -10.766 -11.244 -11.709 -12.125 
12.32323 -0.688 -3.523 -6.689 -8.868 -10.081 -10.634 -11.239 -11.639 -12.098 
12.52525 -0.501 -3.551 -6.582 -8.856 -9.998 -10.600 -11.132 -11.653 -12.082 
12.72727 -0.405 -3.419 -6.566 -8.752 -9.996 -10.598 -11.137 -11.604 -11.955 
12.92929 -0.224 -3.199 -6.557 -8.747 -9.954 -10.525 -11.092 -11.588 -11.953 
13.13131 -0.066 -3.093 -6.382 -8.571 -9.841 -10.456 -11.019 -11.493 -11.944 
13.33333 0.090 -3.341 -6.248 -8.579 -9.834 -10.387 -10.966 -11.477 -11.868 
13.53535 0.315 -3.246 -6.194 -8.541 -9.765 -10.334 -10.960 -11.413 -11.854 
13.73737 0.466 -2.767 -6.243 -8.466 -9.660 -10.248 -10.962 -11.401 -11.807 
13.93939 0.607 -2.800 -6.208 -8.300 -9.661 -10.322 -10.828 -11.337 -11.731 
14.14141 0.751 -2.651 -6.010 -8.214 -9.518 -10.153 -10.803 -11.313 -11.698 
14.34343 1.005 -2.377 -5.907 -8.275 -9.578 -10.143 -10.730 -11.311 -11.728 
14.54545 1.163 -2.553 -5.866 -8.205 -9.422 -10.079 -10.690 -11.269 -11.653 
14.74747 1.312 -2.130 -5.805 -8.068 -9.329 -10.019 -10.685 -11.188 -11.605 
14.94949 1.565 -2.470 -5.657 -8.067 -9.350 -9.860 -10.654 -11.146 -11.542 
15.15152 1.417 -2.183 -5.725 -8.026 -9.273 -9.880 -10.582 -11.083 -11.550 
15.35354 1.845 -2.298 -5.390 -7.774 -9.163 -9.767 -10.527 -11.049 -11.479 
15.55556 1.760 -1.836 -5.635 -7.813 -9.136 -9.749 -10.461 -11.037 -11.447 
15.75758 2.171 -1.690 -5.471 -7.703 -9.063 -9.683 -10.439 -11.008 -11.347 
15.95960 1.477 -1.630 -5.273 -7.663 -8.970 -9.719 -10.343 -10.965 -11.413 
16.16162 2.562 -1.881 -5.173 -7.691 -8.956 -9.491 -10.349 -10.890 -11.285 
16.36364 2.602 -1.390 -5.258 -7.609 -8.887 -9.500 -10.289 -10.877 -11.306 
16.56566 2.797 -1.691 -5.063 -7.547 -8.768 -9.463 -10.186 -10.890 -11.261 
16.76768 2.905 -0.968 -4.902 -7.387 -8.790 -9.454 -10.187 -10.811 -11.237 
16.96970 3.098 -1.053 -4.940 -7.332 -8.702 -9.253 -10.129 -10.818 -11.162 
17.17172 3.233 -0.638 -4.864 -7.357 -8.708 -9.317 -10.096 -10.714 -11.191 
17.37374 3.473 -1.183 -4.696 -7.240 -8.558 -9.202 -10.027 -10.691 -11.133 
17.57576 3.620 -0.806 -4.729 -7.176 -8.413 -9.087 -10.004 -10.618 -11.068 
17.77778 3.797 -1.173 -4.487 -7.033 -8.438 -9.198 -9.947 -10.622 -11.042 
17.97980 3.894 -0.242 -4.459 -7.013 -8.320 -9.076 -9.791 -10.530 -11.055 
18.18182 4.062 -0.480 -4.444 -6.963 -8.336 -8.957 -9.770 -10.527 -11.010 
18.38384 4.033 -0.477 -4.313 -6.908 -8.222 -8.883 -9.807 -10.522 -10.952 
18.58586 4.502 -0.347 -4.142 -6.717 -8.225 -8.888 -9.757 -10.435 -10.911 
18.78788 4.511 -0.083 -4.302 -6.786 -8.138 -8.769 -9.742 -10.444 -10.909 
18.98990 4.540 -0.298 -4.232 -6.678 -8.093 -8.794 -9.690 -10.360 -10.876 
19.19192 4.661 -0.126 -4.119 -6.625 -8.068 -8.583 -9.612 -10.337 -10.860 
19.39394 4.754 -0.003 -3.963 -6.566 -8.038 -8.650 -9.532 -10.315 -10.757 
19.59596 5.212 0.141 -3.620 -6.525 -7.887 -8.729 -9.431 -10.235 -10.742 
19.79798 5.120 0.392 -3.822 -6.326 -7.779 -8.434 -9.413 -10.129 -10.558 
20.00000 5.161 0.931 -3.602 -6.158 -7.498 -8.339 -9.305 -10.026 -10.455 
