# t[days] u g r i z y J H K
0.20202 71.554 68.007 nan nan nan nan nan nan nan 
0.40404 -11.157 -11.248 -11.965 -13.299 -13.008 -13.422 -13.644 -13.893 -13.195 
0.60606 -13.788 -13.888 -14.249 -15.057 -15.128 -15.531 -14.914 -14.935 -13.008 
0.80808 -14.891 -15.211 -14.993 -15.452 -15.802 -15.926 -15.494 -15.128 -14.697 
1.01010 -15.194 -15.235 -15.566 -15.806 -16.019 -16.286 -15.809 -15.532 -14.382 
1.21212 -15.200 -15.225 -15.541 -15.986 -16.268 -16.322 -16.127 -15.791 -15.363 
1.41414 -15.182 -15.245 -15.630 -16.110 -16.470 -16.576 -16.252 -15.816 -15.419 
1.61616 -15.056 -15.194 -15.691 -15.985 -16.357 -16.389 -16.217 -15.924 -15.300 
1.81818 -15.082 -15.217 -15.620 -15.936 -16.505 -16.447 -16.293 -15.910 -15.479 
2.02020 -14.804 -15.315 -15.626 -16.054 -16.359 -16.510 -16.358 -15.812 -15.673 
2.22222 -14.652 -15.032 -15.531 -16.048 -16.287 -16.536 -16.334 -16.058 -15.515 
2.42424 -14.615 -15.079 -15.531 -15.911 -16.242 -16.473 -16.335 -15.975 -15.652 
2.62626 -14.390 -14.943 -15.513 -16.017 -16.326 -16.579 -16.371 -16.036 -15.671 
2.82828 -14.248 -15.022 -15.490 -15.966 -16.277 -16.519 -16.339 -16.046 -15.706 
3.03030 -14.023 -14.778 -15.349 -15.899 -16.245 -16.540 -16.390 -16.078 -15.719 
3.23232 -13.710 -14.602 -15.289 -15.908 -16.247 -16.449 -16.279 -16.078 -15.868 
3.43434 -13.661 -14.595 -15.215 -15.753 -16.135 -16.423 -16.380 -16.110 -15.799 
3.63636 -13.386 -14.473 -15.240 -15.784 -16.186 -16.348 -16.340 -16.181 -15.841 
3.83838 -13.041 -14.263 -15.118 -15.699 -16.059 -16.289 -16.316 -16.147 -15.948 
4.04040 -12.869 -14.270 -15.057 -15.635 -16.070 -16.346 -16.354 -16.233 -15.912 
4.24242 -12.908 -14.077 -14.947 -15.498 -15.948 -16.178 -16.233 -16.179 -15.913 
4.44444 -12.172 -13.836 -14.736 -15.462 -15.945 -16.169 -16.115 -16.054 -15.768 
4.64646 -12.112 -13.734 -14.696 -15.342 -15.914 -16.171 -16.149 -16.106 -15.935 
4.84848 -11.984 -13.620 -14.636 -15.293 -15.773 -16.007 -16.168 -16.097 -15.921 
5.05051 -11.589 -13.347 -14.336 -15.191 -15.668 -15.957 -16.028 -16.000 -15.887 
5.25253 -11.441 -13.125 -14.262 -15.129 -15.712 -15.880 -15.998 -16.057 -15.912 
5.45455 -11.363 -13.063 -14.221 -15.037 -15.500 -15.871 -16.004 -16.003 -15.902 
5.65657 -10.738 -12.856 -14.089 -14.942 -15.517 -15.800 -15.939 -15.892 -15.785 
5.85859 -10.683 -12.744 -13.929 -14.785 -15.345 -15.679 -15.918 -15.895 -15.758 
6.06061 -10.689 -12.460 -13.821 -14.640 -15.283 -15.580 -15.826 -15.826 -15.713 
6.26263 -10.212 -12.223 -13.647 -14.597 -15.180 -15.579 -15.723 -15.792 -15.793 
6.46465 -9.267 -11.991 -13.507 -14.509 -15.109 -15.404 -15.723 -15.814 -15.647 
6.66667 -9.340 -11.870 -13.417 -14.415 -15.047 -15.314 -15.646 -15.730 -15.608 
6.86869 -9.755 -11.852 -13.257 -14.225 -14.905 -15.276 -15.553 -15.698 -15.677 
7.07071 -9.039 -11.674 -13.306 -14.156 -14.757 -15.236 -15.459 -15.588 -15.564 
7.27273 -8.639 -11.099 -13.048 -13.980 -14.753 -15.105 -15.429 -15.638 -15.542 
7.47475 -8.264 -11.013 -12.788 -13.971 -14.637 -14.995 -15.334 -15.469 -15.537 
7.67677 -8.072 -11.097 -12.596 -13.817 -14.490 -14.957 -15.244 -15.469 -15.535 
7.87879 -7.857 -10.646 -12.485 -13.695 -14.470 -14.834 -15.147 -15.354 -15.357 
8.08081 -7.965 -10.833 -12.282 -13.586 -14.353 -14.719 -15.076 -15.341 -15.401 
8.28283 -8.586 -10.558 -12.269 -13.553 -14.338 -14.729 -15.055 -15.302 -15.387 
8.48485 -8.168 -10.096 -12.073 -13.337 -14.113 -14.540 -14.948 -15.243 -15.342 
8.68687 -6.312 -9.796 -12.001 -13.211 -14.001 -14.446 -14.894 -15.158 -15.256 
8.88889 -6.090 -9.854 -11.723 -13.103 -13.867 -14.344 -14.737 -15.055 -15.213 
9.09091 -7.149 -9.271 -11.747 -13.127 -13.711 -14.287 -14.683 -15.060 -15.133 
9.29293 -6.119 -9.134 -11.437 -12.862 -13.740 -14.086 -14.575 -15.017 -15.152 
9.49495 -5.529 -8.997 -11.340 -12.693 -13.626 -14.074 -14.616 -14.994 -15.049 
9.69697 -6.416 -8.653 -11.234 -12.639 -13.514 -14.057 -14.510 -14.897 -15.006 
9.89899 -5.564 -9.030 -10.927 -12.613 -13.348 -13.862 -14.427 -14.796 -14.937 
10.10101 -8.132 -8.205 -10.888 -12.472 -13.290 -13.745 -14.296 -14.743 -14.925 
10.30303 -4.781 -8.742 -10.674 -12.327 -13.100 -13.639 -14.236 -14.679 -14.876 
10.50505 -4.582 -7.966 -10.611 -12.212 -13.156 -13.596 -14.211 -14.618 -14.873 
10.70707 -5.010 -8.175 -10.621 -12.046 -13.071 -13.505 -14.123 -14.546 -14.825 
10.90909 -5.136 -8.080 -10.206 -11.901 -12.959 -13.360 -14.056 -14.491 -14.819 
11.11111 -4.438 -7.588 -10.202 -11.784 -12.756 -13.349 -13.975 -14.494 -14.664 
11.31313 -5.032 -7.553 -10.124 -11.711 -12.640 -13.230 -13.874 -14.414 -14.611 
11.51515 -4.515 -7.015 -9.913 -11.582 -12.545 -13.066 -13.796 -14.361 -14.657 
11.71717 -3.885 -7.369 -9.730 -11.481 -12.547 -13.064 -13.746 -14.273 -14.631 
11.91919 -3.135 -7.283 -9.548 -11.455 -12.364 -12.998 -13.686 -14.304 -14.544 
12.12121 -2.949 -7.199 -9.453 -11.357 -12.336 -12.932 -13.582 -14.185 -14.561 
12.32323 -3.399 -6.586 -9.360 -11.156 -12.287 -12.767 -13.536 -14.155 -14.420 
12.52525 -4.427 -7.541 -9.255 -11.118 -12.208 -12.672 -13.484 -14.147 -14.445 
12.72727 -4.668 -6.269 -8.990 -10.941 -12.019 -12.653 -13.410 -14.043 -14.349 
12.92929 -6.278 -6.159 -8.962 -10.985 -11.990 -12.561 -13.320 -13.988 -14.221 
13.13131 -2.298 -5.674 -8.847 -10.867 -11.944 -12.515 -13.287 -13.870 -14.252 
13.33333 -2.314 -6.080 -8.703 -10.730 -11.761 -12.510 -13.229 -13.851 -14.324 
13.53535 -2.042 -6.837 -9.055 -10.715 -11.806 -12.457 -13.131 -13.784 -14.162 
13.73737 -4.441 -5.537 -8.612 -10.553 -11.613 -12.373 -13.114 -13.767 -14.173 
13.93939 -3.787 -5.292 -8.191 -10.455 -11.599 -12.198 -13.061 -13.713 -14.123 
14.14141 -3.392 -5.028 -8.255 -10.360 -11.525 -12.114 -12.977 -13.685 -14.129 
14.34343 -4.685 -5.389 -8.280 -10.260 -11.486 -12.050 -12.913 -13.641 -14.012 
14.54545 -3.819 -4.885 -8.366 -10.326 -11.382 -12.030 -12.834 -13.563 -14.019 
14.74747 -1.505 -4.906 -8.038 -10.086 -11.405 -12.077 -12.854 -13.470 -13.972 
14.94949 -1.978 -4.790 -7.647 -9.969 -11.261 -11.946 -12.737 -13.491 -13.910 
15.15152 -4.813 -4.854 -7.805 -9.844 -11.205 -11.874 -12.718 -13.430 -13.951 
15.35354 -1.179 -4.532 -7.721 -9.829 -11.227 -11.814 -12.686 -13.453 -13.863 
15.55556 -4.011 -4.762 -7.462 -9.798 -10.989 -11.718 -12.712 -13.365 -13.765 
15.75758 -3.972 -4.613 -7.566 -9.797 -10.981 -11.673 -12.519 -13.291 -13.774 
15.95960 -3.152 -5.159 -7.205 -9.563 -10.899 -11.642 -12.473 -13.324 -13.760 
16.16162 -1.581 -4.304 -7.103 -9.570 -11.050 -11.536 -12.410 -13.201 -13.744 
16.36364 -0.669 -4.438 -7.130 -9.460 -10.747 -11.470 -12.469 -13.215 -13.710 
16.56566 -2.999 -4.043 -7.050 -9.536 -10.800 -11.545 -12.413 -13.176 -13.665 
16.76768 -0.237 -4.404 -6.809 -9.352 -10.706 -11.378 -12.324 -13.101 -13.663 
16.96970 -0.204 -4.118 -7.228 -9.367 -10.552 -11.376 -12.228 -13.127 -13.558 
17.17172 -3.212 -4.370 -6.688 -9.238 -10.526 -11.284 -12.177 -12.976 -13.570 
17.37374 -0.288 -3.551 -6.589 -9.208 -10.526 -11.268 -12.159 -12.944 -13.464 
17.57576 -3.126 -3.826 -6.876 -9.075 -10.450 -11.088 -12.147 -12.907 -13.510 
17.77778 -2.844 -3.570 -6.517 -8.929 -10.397 -11.144 -12.085 -12.907 -13.455 
17.97980 -3.059 -3.004 -6.712 -8.888 -10.369 -10.983 -11.956 -12.826 -13.391 
18.18182 -4.395 -2.996 -6.391 -8.789 -10.199 -10.999 -11.929 -12.723 -13.349 
18.38384 -2.065 -2.497 -6.259 -9.085 -10.136 -11.034 -11.851 -12.748 -13.341 
18.58586 -4.125 -3.601 -6.034 -8.648 -9.952 -10.861 -11.799 -12.666 -13.268 
18.78788 1.011 -3.458 -6.094 -8.589 -9.961 -10.841 -11.794 -12.651 -13.267 
18.98990 -0.990 -2.058 -6.115 -8.517 -9.882 -10.736 -11.812 -12.584 -13.237 
19.19192 1.314 -2.146 -5.931 -8.528 -9.922 -10.697 -11.702 -12.506 -13.230 
19.39394 1.449 -2.719 -5.828 -8.390 -9.998 -10.716 -11.575 -12.473 -13.059 
19.59596 1.415 -3.977 -5.798 -8.221 -9.794 -10.524 -11.638 -12.373 -12.975 
19.79798 -3.316 -1.733 -5.509 -8.099 -9.571 -10.399 -11.443 -12.387 -12.994 
20.00000 1.887 -4.001 -5.115 -8.050 -9.474 -10.494 -11.289 -12.208 -12.884 
