# t[days] u g r i z y J H K
0.20202 95.741 441.143 445.335 nan nan nan nan nan nan 
0.40404 -14.366 -13.338 -14.060 -13.432 -13.159 -10.724 -12.985 -10.577 -9.737 
0.60606 -13.551 -13.408 -13.471 -13.633 -14.114 -14.189 -13.785 -13.614 -13.187 
0.80808 -14.610 -14.569 -14.060 -14.374 -14.060 -14.113 -14.273 -13.214 -12.099 
1.01010 -14.666 -14.490 -14.267 -14.878 -14.737 -14.801 -14.377 -14.063 -13.481 
1.21212 -14.302 -14.230 -14.345 -14.417 -14.652 -14.512 -14.762 -14.125 -13.973 
1.41414 -13.872 -14.172 -14.099 -14.456 -14.401 -14.861 -14.605 -13.858 -13.437 
1.61616 -14.144 -14.282 -14.351 -14.644 -14.617 -14.733 -14.367 -14.323 -13.793 
1.81818 -13.132 -13.740 -14.113 -14.484 -14.594 -14.504 -14.612 -14.258 -13.685 
2.02020 -13.380 -13.689 -14.001 -14.383 -14.521 -14.585 -14.557 -14.411 -13.983 
2.22222 -13.113 -13.665 -14.008 -14.448 -14.464 -14.493 -14.650 -14.486 -13.959 
2.42424 -12.764 -13.371 -13.961 -14.347 -14.524 -14.730 -14.836 -14.474 -14.303 
2.62626 -12.271 -13.333 -13.891 -14.340 -14.449 -14.695 -14.619 -14.348 -14.142 
2.82828 -11.911 -12.839 -13.598 -14.087 -14.340 -14.490 -14.574 -14.448 -14.291 
3.03030 -11.857 -12.689 -13.521 -14.014 -14.338 -14.416 -14.468 -14.464 -14.134 
3.23232 -11.292 -12.508 -13.303 -13.875 -14.309 -14.425 -14.381 -14.261 -14.282 
3.43434 -11.282 -12.220 -13.226 -13.886 -14.304 -14.408 -14.603 -14.514 -14.386 
3.63636 -10.740 -12.077 -13.168 -13.762 -14.038 -14.313 -14.452 -14.486 -14.403 
3.83838 -10.313 -11.659 -12.703 -13.624 -13.907 -14.233 -14.436 -14.367 -14.220 
4.04040 -10.089 -11.460 -12.659 -13.466 -13.851 -14.127 -14.202 -14.419 -14.227 
4.24242 -9.623 -11.197 -12.274 -13.225 -13.804 -13.912 -14.245 -14.387 -14.221 
4.44444 -9.698 -11.165 -12.334 -13.202 -13.617 -13.863 -14.211 -14.366 -14.254 
4.64646 -8.971 -10.793 -12.163 -13.033 -13.587 -13.872 -14.274 -14.328 -14.314 
4.84848 -8.891 -10.438 -11.790 -12.894 -13.467 -13.692 -14.215 -14.264 -14.319 
5.05051 -8.288 -10.179 -11.648 -12.635 -13.389 -13.739 -14.163 -14.258 -14.276 
5.25253 -8.386 -9.955 -11.340 -12.777 -13.190 -13.510 -13.990 -14.299 -14.162 
5.45455 -8.740 -10.588 -12.089 -12.415 -13.225 -13.364 -14.041 -14.156 -14.475 
5.65657 -7.806 -9.844 -11.200 -12.538 -13.078 -13.208 -13.953 -14.138 -14.268 
5.85859 -7.012 -9.232 -10.867 -12.116 -12.855 -13.268 -13.855 -14.039 -14.144 
6.06061 -7.345 -9.468 -11.112 -12.068 -12.798 -13.114 -13.721 -14.133 -14.234 
6.26263 -6.762 -9.667 -10.832 -11.815 -12.666 -12.936 -13.682 -14.090 -14.232 
6.46465 -6.323 -8.683 -10.840 -11.601 -12.469 -12.874 -13.457 -14.044 -14.176 
6.66667 -7.849 -8.199 -10.264 -11.709 -12.318 -12.986 -13.418 -13.812 -14.071 
6.86869 -5.633 -8.061 -9.874 -11.489 -12.272 -12.707 -13.416 -14.020 -14.189 
7.07071 -5.600 -7.808 -9.692 -11.371 -12.200 -12.633 -13.380 -13.896 -14.183 
7.27273 -5.548 -7.699 -9.707 -11.279 -12.092 -12.454 -13.395 -13.892 -14.200 
7.47475 -4.922 -7.771 -9.465 -11.231 -11.904 -12.507 -13.190 -13.692 -13.945 
7.67677 -5.249 -7.403 -9.164 -10.897 -11.861 -12.096 -13.108 -13.740 -13.991 
7.87879 -4.448 -6.889 -9.063 -10.875 -11.869 -12.413 -13.083 -13.710 -13.958 
8.08081 -4.305 -6.605 -9.310 -10.778 -11.599 -12.152 -12.949 -13.481 -13.971 
8.28283 -4.671 -6.591 -9.191 -10.581 -11.458 -11.956 -12.830 -13.464 -13.955 
8.48485 -3.794 -6.224 -8.681 -10.367 -11.553 -11.846 -12.719 -13.356 -13.795 
8.68687 -3.712 -6.255 -8.315 -10.142 -11.133 -11.473 -12.717 -13.330 -13.943 
8.88889 -3.520 -6.289 -8.169 -10.146 -11.049 -11.581 -12.640 -13.289 -13.692 
9.09091 -3.302 -5.141 -8.766 -10.193 -11.058 -11.548 -12.407 -13.350 -13.793 
9.29293 -4.202 -6.579 -7.990 -9.717 -10.817 -11.579 -12.263 -13.211 -13.567 
9.49495 -4.688 -5.446 -8.206 -9.777 -10.572 -11.250 -12.386 -13.235 -13.723 
9.69697 -2.776 -4.898 -7.574 -9.485 -10.575 -11.144 -12.104 -13.168 -13.598 
9.89899 -2.553 -5.718 -7.862 -9.071 -10.179 -10.671 -12.099 -12.997 -13.538 
10.10101 -2.446 -4.201 -7.152 -9.213 -10.323 -10.809 -11.986 -12.948 -13.432 
10.30303 -5.267 -4.411 -6.756 -9.176 -9.907 -10.740 -11.988 -12.863 -13.361 
10.50505 -2.259 -4.100 -6.624 -8.848 -10.045 -10.852 -11.986 -12.744 -13.360 
10.70707 -1.891 -4.114 -6.858 -8.947 -9.973 -10.576 -11.703 -12.725 -13.255 
10.90909 -1.701 -4.319 -6.259 -8.729 -9.905 -10.480 -11.574 -12.658 -13.333 
11.11111 -1.582 -3.690 -6.712 -9.148 -9.542 -10.581 -11.531 -12.602 -13.188 
11.31313 -2.452 -3.281 -6.626 -8.447 -9.676 -10.228 -11.447 -12.511 -13.094 
11.51515 -2.118 -3.365 -5.697 -8.140 -9.587 -10.085 -11.384 -12.446 -13.173 
11.71717 -1.008 -3.176 -6.115 -8.162 -9.156 -9.977 -11.208 -12.470 -13.138 
11.91919 -4.591 -2.765 -5.559 -7.566 -9.207 -10.058 -11.326 -12.318 -12.848 
12.12121 -0.755 -3.961 -6.041 -7.995 -8.956 -9.713 -11.173 -12.268 -12.936 
12.32323 -0.465 -2.481 -7.527 -7.826 -8.956 -9.865 -11.001 -12.036 -13.007 
12.52525 -0.336 -2.409 -5.163 -7.630 -8.859 -9.664 -11.062 -12.306 -12.903 
12.72727 -0.020 -4.442 -5.079 -7.388 -8.792 -9.559 -10.812 -12.009 -12.929 
12.92929 0.151 -2.157 -5.469 -7.308 -8.765 -9.720 -10.736 -11.918 -12.637 
13.13131 -3.669 -2.575 -5.087 -7.205 -8.464 -9.282 -11.056 -11.810 -12.737 
13.33333 0.265 -1.732 -4.600 -6.915 -8.326 -9.190 -10.493 -11.777 -12.644 
13.53535 -2.382 -2.041 -4.337 -6.436 -8.381 -9.216 -10.694 -11.726 -12.567 
13.73737 0.661 -1.478 -4.479 -6.781 -8.275 -8.943 -10.311 -11.742 -12.465 
13.93939 0.701 -1.434 -5.642 -6.712 -8.488 -8.947 -10.425 -11.685 -12.534 
14.14141 1.254 -2.688 -4.125 -6.783 -8.706 -8.980 -10.319 -11.736 -12.489 
14.34343 -3.180 -1.562 -4.467 -6.447 -7.848 -8.841 -10.180 -11.556 -12.274 
14.54545 -3.587 -0.740 -3.452 -6.198 -7.485 -8.646 -10.138 -11.496 -12.323 
14.74747 -1.419 -3.304 -3.578 -6.363 -7.564 -8.263 -10.265 -11.316 -12.390 
14.94949 -2.998 -1.366 -3.151 -5.822 -7.462 -8.324 -9.903 -11.210 -12.256 
15.15152 2.181 -1.615 -2.647 -6.815 -7.455 -8.360 -9.910 -11.290 -12.156 
15.35354 0.114 -3.073 -4.434 -5.599 -7.416 -8.225 -9.776 -11.138 -12.146 
15.55556 2.519 -3.550 -3.534 -5.311 -7.310 -8.386 -9.783 -11.141 -12.238 
15.75758 2.118 -4.024 -3.413 -5.567 -7.972 -8.123 -9.697 -11.002 -12.124 
15.95960 2.935 -0.707 -2.305 -5.648 -7.170 -8.086 -9.673 -10.969 -11.909 
16.16162 3.108 -5.136 -2.773 -5.842 -6.870 -7.929 -9.518 -11.027 -12.014 
16.36364 1.560 -2.965 -3.611 -5.609 -6.926 -7.995 -9.429 -10.746 -11.868 
16.56566 3.197 -3.359 -3.360 -5.932 -6.322 -7.562 -9.477 -10.810 -11.806 
16.76768 2.973 -3.959 -4.094 -5.377 -6.877 -7.709 -9.300 -10.716 -11.663 
16.96970 -2.460 -3.133 -2.261 -4.821 -7.045 -8.195 -9.251 -10.760 -11.663 
17.17172 4.102 -2.482 -2.512 -5.067 -6.754 -7.189 -9.265 -10.794 -11.664 
17.37374 4.041 1.247 -0.694 -4.454 -5.925 -7.118 -9.170 -10.544 -11.652 
17.57576 -1.080 -2.510 -1.930 -4.840 -6.685 -7.081 -8.841 -10.709 -11.480 
17.77778 4.141 1.285 -2.089 -4.016 -6.399 -7.537 -9.067 -10.322 -11.431 
17.97980 3.994 -1.299 -2.199 -5.031 -6.109 -6.972 -8.833 -10.485 -11.400 
18.18182 3.550 -2.040 -1.366 -4.456 -5.899 -6.795 -8.992 -10.301 -11.359 
18.38384 -0.887 0.962 -2.726 -4.034 -6.264 -7.145 -8.515 -10.135 -11.319 
18.58586 0.025 0.483 -2.374 -5.108 -6.468 -6.790 -8.859 -10.186 -11.271 
18.78788 5.348 -0.601 -0.310 -4.186 -6.057 -6.503 -8.177 -10.110 -11.161 
18.98990 4.806 0.059 0.279 -5.683 -5.968 -6.188 -8.507 -9.959 -11.119 
19.19192 4.967 0.313 -3.617 -2.474 -5.708 -6.218 -8.238 -10.109 -11.130 
19.39394 2.675 0.884 -0.917 -4.210 -4.807 -6.473 -8.336 -9.879 -10.974 
19.59596 -1.867 0.365 -0.055 -2.594 -5.238 -5.745 -8.256 -9.606 -10.848 
19.79798 2.121 -2.748 -0.459 -4.096 -4.998 -6.128 -7.819 -9.588 -10.814 
20.00000 0.180 2.757 0.582 -2.799 -5.087 -6.158 -8.241 -9.699 -10.879 
