# t[days] u g r i z y J H K
0.20202 69.212 54.611 212.554 nan nan nan nan nan nan 
0.40404 -12.804 -12.185 -13.034 -13.474 -12.826 -11.985 -13.581 -12.717 -13.799 
0.60606 -13.451 -13.819 -13.459 -14.335 -14.600 -14.479 -14.300 -12.287 -12.959 
0.80808 -14.189 -14.356 -14.178 -14.450 -14.943 -14.629 -14.570 -13.514 -14.311 
1.01010 -14.242 -14.305 -14.279 -14.638 -14.878 -15.020 -14.794 -14.369 -13.878 
1.21212 -14.477 -14.308 -14.353 -14.880 -15.138 -15.360 -15.163 -14.712 -14.159 
1.41414 -14.456 -14.487 -14.637 -14.942 -15.172 -15.346 -15.328 -14.830 -14.114 
1.61616 -14.098 -14.317 -14.671 -14.913 -15.236 -15.362 -15.135 -14.835 -14.617 
1.81818 -14.176 -14.448 -14.668 -14.927 -15.245 -15.351 -15.238 -14.825 -14.627 
2.02020 -13.902 -14.207 -14.696 -14.995 -15.273 -15.380 -15.327 -14.850 -14.546 
2.22222 -13.673 -14.259 -14.651 -15.008 -15.243 -15.357 -15.288 -14.989 -14.503 
2.42424 -13.455 -13.977 -14.622 -15.108 -15.349 -15.437 -15.287 -14.990 -14.678 
2.62626 -13.322 -13.856 -14.426 -14.930 -15.179 -15.340 -15.378 -15.051 -14.521 
2.82828 -12.980 -14.004 -14.518 -14.876 -15.254 -15.351 -15.294 -15.109 -14.962 
3.03030 -12.770 -13.721 -14.339 -14.896 -15.158 -15.397 -15.384 -15.134 -14.837 
3.23232 -12.420 -13.629 -14.322 -14.811 -15.120 -15.335 -15.386 -15.122 -14.875 
3.43434 -12.634 -13.520 -14.218 -14.851 -15.090 -15.261 -15.288 -15.227 -14.884 
3.63636 -12.153 -13.380 -14.156 -14.761 -15.082 -15.306 -15.346 -15.121 -14.838 
3.83838 -11.873 -13.040 -13.960 -14.701 -15.124 -15.241 -15.400 -15.323 -14.861 
4.04040 -11.930 -13.218 -13.976 -14.651 -15.085 -15.249 -15.317 -15.204 -14.998 
4.24242 -11.697 -12.754 -13.884 -14.512 -14.931 -15.194 -15.322 -15.188 -15.129 
4.44444 -10.818 -12.486 -13.611 -14.385 -14.929 -15.043 -15.266 -15.287 -15.007 
4.64646 -10.915 -12.507 -13.608 -14.238 -14.800 -15.086 -15.199 -15.183 -14.906 
4.84848 -10.177 -12.257 -13.427 -14.293 -14.703 -14.902 -15.157 -15.176 -15.045 
5.05051 -9.991 -11.994 -13.196 -14.036 -14.522 -14.878 -15.057 -15.174 -15.054 
5.25253 -9.205 -11.749 -13.086 -13.901 -14.426 -14.720 -15.015 -15.128 -14.974 
5.45455 -9.241 -11.569 -13.027 -13.898 -14.455 -14.566 -14.947 -15.121 -15.076 
5.65657 -9.386 -11.308 -12.795 -13.805 -14.244 -14.593 -14.879 -15.020 -14.917 
5.85859 -9.030 -11.202 -12.652 -13.662 -14.095 -14.471 -14.824 -15.002 -14.968 
6.06061 -8.200 -10.829 -12.402 -13.401 -14.181 -14.389 -14.809 -14.836 -14.868 
6.26263 -9.191 -10.623 -12.300 -13.336 -13.996 -14.310 -14.731 -14.827 -14.860 
6.46465 -7.742 -10.379 -12.007 -13.259 -13.776 -14.189 -14.643 -14.879 -14.874 
6.66667 -8.917 -10.301 -11.899 -13.029 -13.677 -14.038 -14.621 -14.810 -14.814 
6.86869 -7.068 -10.073 -11.834 -12.944 -13.629 -14.120 -14.377 -14.706 -14.696 
7.07071 -6.907 -9.748 -11.500 -12.788 -13.389 -13.773 -14.337 -14.625 -14.771 
7.27273 -6.058 -9.431 -11.333 -12.633 -13.304 -13.822 -14.319 -14.605 -14.666 
7.47475 -6.892 -9.688 -11.434 -12.466 -13.263 -13.731 -14.126 -14.582 -14.619 
7.67677 -6.416 -9.018 -11.235 -12.358 -13.099 -13.483 -14.096 -14.451 -14.561 
7.87879 -5.683 -9.561 -11.056 -12.250 -13.008 -13.407 -13.964 -14.352 -14.506 
8.08081 -5.661 -9.054 -10.781 -12.170 -12.988 -13.404 -13.995 -14.338 -14.517 
8.28283 -5.042 -8.369 -10.630 -11.820 -12.704 -13.256 -13.863 -14.231 -14.432 
8.48485 -5.364 -7.875 -10.355 -11.944 -12.688 -13.142 -13.865 -14.272 -14.424 
8.68687 -7.464 -8.055 -10.238 -11.669 -12.644 -12.991 -13.610 -14.119 -14.295 
8.88889 -3.633 -7.529 -10.289 -11.513 -12.533 -13.138 -13.710 -14.087 -14.313 
9.09091 -6.423 -7.560 -10.028 -11.361 -12.429 -12.870 -13.458 -13.907 -14.298 
9.29293 -5.720 -7.475 -10.056 -11.388 -12.429 -12.730 -13.531 -13.911 -14.149 
9.49495 -5.641 -7.725 -9.869 -11.400 -12.208 -12.754 -13.336 -13.905 -14.126 
9.69697 -4.554 -7.049 -9.340 -11.145 -12.041 -12.539 -13.262 -13.816 -14.159 
9.89899 -4.742 -7.234 -9.749 -10.914 -11.944 -12.609 -13.139 -13.807 -13.982 
10.10101 -3.058 -8.453 -9.490 -10.893 -11.771 -12.419 -13.121 -13.719 -14.025 
10.30303 -2.676 -6.128 -8.788 -10.920 -11.817 -12.186 -12.971 -13.571 -13.944 
10.50505 -3.356 -6.615 -8.737 -10.460 -11.728 -12.118 -12.855 -13.574 -13.828 
10.70707 -2.790 -6.279 -8.461 -10.435 -11.398 -12.081 -12.768 -13.440 -13.890 
10.90909 -4.061 -5.640 -8.537 -10.375 -11.407 -12.070 -12.713 -13.443 -13.756 
11.11111 -4.838 -6.157 -8.364 -10.347 -11.345 -11.955 -12.648 -13.307 -13.735 
11.31313 -1.323 -5.037 -8.379 -10.090 -11.252 -11.866 -12.510 -13.345 -13.779 
11.51515 -3.526 -5.007 -8.075 -10.173 -11.081 -11.783 -12.520 -13.259 -13.657 
11.71717 -4.354 -5.291 -8.175 -9.902 -11.198 -11.681 -12.550 -13.134 -13.539 
11.91919 -3.973 -5.185 -8.299 -9.913 -10.991 -11.418 -12.448 -13.182 -13.547 
12.12121 -3.880 -5.051 -7.705 -9.762 -10.810 -11.363 -12.246 -13.066 -13.569 
12.32323 -3.589 -4.729 -7.748 -9.455 -10.804 -11.375 -12.150 -12.999 -13.454 
12.52525 -3.471 -5.039 -7.481 -9.491 -10.856 -11.289 -12.130 -12.929 -13.397 
12.72727 -4.547 -5.244 -7.090 -9.519 -10.616 -11.163 -12.183 -12.984 -13.322 
12.92929 -4.077 -4.411 -7.358 -9.221 -10.298 -11.004 -11.949 -12.825 -13.303 
13.13131 -4.260 -4.075 -7.096 -9.099 -10.245 -10.919 -11.902 -12.751 -13.260 
13.33333 -1.775 -4.080 -7.020 -9.022 -10.204 -10.936 -11.901 -12.697 -13.205 
13.53535 0.443 -4.216 -6.975 -8.834 -10.172 -10.830 -11.792 -12.699 -13.114 
13.73737 -1.323 -4.255 -7.009 -8.746 -9.908 -10.715 -11.681 -12.477 -13.192 
13.93939 -2.718 -3.366 -6.763 -8.705 -9.947 -10.581 -11.554 -12.408 -13.095 
14.14141 -2.371 -3.574 -6.435 -8.626 -9.842 -10.546 -11.539 -12.443 -13.039 
14.34343 -3.287 -2.643 -6.134 -8.437 -9.881 -10.464 -11.533 -12.437 -13.077 
14.54545 -3.904 -1.851 -6.069 -8.337 -9.612 -10.301 -11.480 -12.344 -12.951 
14.74747 -2.839 -4.138 -5.959 -8.207 -9.541 -10.384 -11.333 -12.276 -12.872 
14.94949 2.077 -1.743 -6.014 -8.398 -9.463 -10.145 -11.243 -12.228 -12.763 
15.15152 -4.320 -3.249 -5.568 -8.137 -9.513 -10.108 -11.176 -12.136 -12.819 
15.35354 -2.827 -2.538 -5.765 -8.134 -9.252 -10.005 -11.019 -12.134 -12.797 
15.55556 -2.836 -4.392 -5.801 -8.143 -9.467 -9.856 -11.004 -12.164 -12.664 
15.75758 2.445 -2.202 -5.214 -7.984 -9.050 -9.706 -10.884 -11.973 -12.753 
15.95960 -2.982 -1.138 -5.503 -7.864 -8.995 -9.807 -10.902 -11.925 -12.695 
16.16162 3.151 -3.980 -5.680 -7.677 -8.939 -9.540 -10.867 -11.887 -12.523 
16.36364 2.758 -1.558 -5.384 -7.559 -8.785 -9.506 -10.754 -11.891 -12.549 
16.56566 -2.194 -1.269 -5.432 -7.446 -8.789 -9.426 -10.750 -11.749 -12.421 
16.76768 -2.291 -3.698 -4.790 -7.348 -8.797 -9.296 -10.570 -11.680 -12.446 
16.96970 -1.383 -2.708 -5.166 -7.258 -8.583 -9.329 -10.539 -11.575 -12.449 
17.17172 -2.761 -1.346 -4.630 -7.200 -8.452 -9.185 -10.552 -11.615 -12.410 
17.37374 -2.018 -2.707 -4.744 -7.458 -8.593 -9.308 -10.503 -11.658 -12.306 
17.57576 3.525 -3.885 -4.348 -7.184 -8.463 -9.238 -10.329 -11.501 -12.254 
17.77778 3.735 -3.766 -4.686 -6.902 -8.383 -9.049 -10.322 -11.403 -12.302 
17.97980 -1.421 -2.892 -4.655 -6.794 -8.117 -9.116 -10.336 -11.293 -12.115 
18.18182 4.445 -3.710 -4.097 -6.868 -8.080 -8.982 -10.140 -11.349 -12.115 
18.38384 3.693 -2.751 -4.309 -6.526 -7.680 -8.853 -9.988 -11.198 -12.052 
18.58586 -2.537 0.460 -4.571 -6.698 -8.148 -8.923 -9.929 -11.190 -11.966 
18.78788 5.440 -2.941 -3.941 -6.345 -7.874 -8.811 -9.970 -11.287 -11.908 
18.98990 5.303 -3.361 -4.360 -6.539 -7.930 -8.776 -9.883 -11.019 -11.847 
19.19192 1.622 -1.904 -3.840 -6.344 -7.753 -8.563 -9.940 -10.993 -11.951 
19.39394 -3.531 -0.321 -3.866 -6.363 -7.464 -8.465 -9.762 -11.000 -11.772 
19.59596 -1.490 -2.020 -6.569 -7.378 -7.769 -8.455 -9.643 -11.026 -11.743 
19.79798 5.937 1.773 -4.581 -6.078 -7.385 -8.485 -9.438 -10.796 -11.730 
20.00000 5.949 1.064 -3.366 -5.996 -7.344 -8.238 -9.386 -10.694 -11.737 
