# t[days] u g r i z y J H K
0.20202 61.125 24.133 23.890 nan nan nan nan nan nan 
0.40404 -11.699 -13.201 -11.983 -13.725 -14.256 -13.794 -14.215 -13.443 -11.118 
0.60606 -13.677 -14.024 -14.335 -14.765 -15.430 -15.575 -14.919 -14.705 -13.830 
0.80808 -14.964 -14.878 -15.105 -15.560 -16.014 -15.999 -15.711 -15.388 -14.336 
1.01010 -15.066 -14.961 -15.346 -15.771 -16.054 -16.211 -15.848 -15.292 -14.766 
1.21212 -15.302 -15.233 -15.437 -15.845 -16.121 -16.101 -15.924 -15.513 -14.706 
1.41414 -15.057 -15.297 -15.459 -15.886 -16.207 -16.279 -15.906 -15.531 -14.975 
1.61616 -15.108 -15.261 -15.578 -15.909 -16.153 -16.304 -16.005 -15.485 -15.011 
1.81818 -15.030 -15.290 -15.714 -16.005 -16.262 -16.321 -16.045 -15.518 -15.250 
2.02020 -14.942 -15.375 -15.777 -16.123 -16.374 -16.390 -16.098 -15.772 -15.343 
2.22222 -14.709 -15.294 -15.756 -16.113 -16.319 -16.342 -16.179 -15.756 -15.320 
2.42424 -14.587 -15.271 -15.749 -16.164 -16.404 -16.410 -16.268 -15.924 -15.584 
2.62626 -14.254 -15.063 -15.737 -16.162 -16.328 -16.424 -16.172 -15.895 -15.575 
2.82828 -13.988 -14.935 -15.732 -16.132 -16.373 -16.391 -16.262 -16.090 -15.619 
3.03030 -13.891 -14.896 -15.615 -16.104 -16.351 -16.361 -16.170 -15.990 -15.774 
3.23232 -13.572 -14.693 -15.543 -16.040 -16.285 -16.300 -16.205 -16.066 -15.777 
3.43434 -13.444 -14.497 -15.417 -15.940 -16.198 -16.200 -16.137 -16.030 -15.721 
3.63636 -13.188 -14.278 -15.337 -15.920 -16.177 -16.234 -16.183 -16.033 -15.834 
3.83838 -12.563 -14.132 -15.180 -15.796 -16.035 -16.200 -16.115 -16.042 -15.730 
4.04040 -12.764 -13.942 -14.996 -15.664 -15.961 -16.070 -16.098 -15.957 -15.688 
4.24242 -12.390 -13.840 -14.912 -15.601 -15.848 -15.972 -16.049 -16.003 -15.721 
4.44444 -11.989 -13.611 -14.748 -15.473 -15.758 -15.841 -16.004 -15.900 -15.760 
4.64646 -11.829 -13.383 -14.616 -15.398 -15.714 -15.826 -15.902 -15.901 -15.798 
4.84848 -11.416 -13.239 -14.459 -15.201 -15.520 -15.688 -15.889 -15.782 -15.765 
5.05051 -11.061 -12.888 -14.231 -15.032 -15.472 -15.587 -15.758 -15.875 -15.731 
5.25253 -11.085 -12.881 -14.063 -14.872 -15.322 -15.487 -15.737 -15.721 -15.714 
5.45455 -10.630 -12.476 -13.847 -14.725 -15.157 -15.429 -15.602 -15.706 -15.651 
5.65657 -10.335 -12.173 -13.584 -14.529 -14.972 -15.212 -15.524 -15.625 -15.564 
5.85859 -9.568 -11.905 -13.474 -14.361 -14.814 -15.077 -15.434 -15.551 -15.570 
6.06061 -9.587 -11.907 -13.339 -14.187 -14.814 -14.956 -15.403 -15.551 -15.442 
6.26263 -9.593 -11.649 -13.267 -14.130 -14.685 -14.910 -15.316 -15.509 -15.419 
6.46465 -9.763 -11.669 -12.998 -14.017 -14.602 -14.841 -15.202 -15.454 -15.430 
6.66667 -9.348 -11.309 -12.788 -13.788 -14.270 -14.653 -15.079 -15.302 -15.419 
6.86869 -8.182 -10.922 -12.530 -13.742 -14.209 -14.528 -14.979 -15.277 -15.384 
7.07071 -8.619 -10.702 -12.385 -13.495 -14.130 -14.335 -14.875 -15.180 -15.227 
7.27273 -7.698 -10.748 -12.187 -13.449 -13.969 -14.247 -14.831 -15.079 -15.216 
7.47475 -8.280 -10.515 -12.021 -13.223 -13.867 -14.096 -14.686 -15.020 -15.182 
7.67677 -8.366 -9.904 -11.881 -13.033 -13.740 -14.134 -14.558 -14.943 -15.088 
7.87879 -6.794 -10.088 -11.828 -12.869 -13.608 -13.968 -14.493 -14.931 -15.058 
8.08081 -6.205 -9.720 -11.571 -12.914 -13.394 -13.761 -14.457 -14.877 -14.940 
8.28283 -5.844 -9.701 -11.488 -12.591 -13.333 -13.701 -14.336 -14.772 -14.936 
8.48485 -6.433 -9.498 -11.160 -12.530 -13.141 -13.637 -14.178 -14.725 -14.825 
8.68687 -6.758 -9.038 -11.147 -12.257 -12.993 -13.447 -14.122 -14.602 -14.775 
8.88889 -6.291 -8.675 -10.983 -12.188 -12.928 -13.306 -14.010 -14.526 -14.745 
9.09091 -5.818 -8.973 -10.695 -12.088 -12.835 -13.219 -13.908 -14.521 -14.760 
9.29293 -5.882 -8.492 -10.700 -11.972 -12.673 -13.091 -13.840 -14.396 -14.672 
9.49495 -4.648 -8.455 -10.413 -11.750 -12.598 -13.065 -13.810 -14.300 -14.635 
9.69697 -2.559 -8.268 -10.158 -11.644 -12.431 -12.904 -13.691 -14.238 -14.549 
9.89899 -5.214 -8.125 -10.061 -11.451 -12.386 -12.816 -13.616 -14.236 -14.473 
10.10101 -4.638 -7.213 -9.807 -11.286 -12.259 -12.609 -13.469 -14.111 -14.506 
10.30303 -4.992 -7.809 -9.832 -11.218 -12.018 -12.485 -13.435 -13.973 -14.372 
10.50505 -3.855 -7.517 -9.389 -11.073 -11.921 -12.324 -13.258 -13.957 -14.279 
10.70707 -3.425 -7.114 -9.549 -11.057 -11.713 -12.477 -13.114 -13.855 -14.212 
10.90909 -3.576 -6.968 -9.309 -10.700 -11.701 -12.223 -13.118 -13.762 -14.150 
11.11111 -3.892 -7.042 -9.204 -10.691 -11.620 -11.959 -12.950 -13.706 -14.147 
11.31313 -3.783 -6.607 -8.899 -10.438 -11.509 -11.966 -12.901 -13.695 -14.067 
11.51515 -4.457 -5.981 -8.560 -10.284 -11.351 -11.953 -12.892 -13.587 -14.119 
11.71717 -3.125 -5.550 -8.553 -10.222 -11.354 -11.752 -12.824 -13.547 -13.941 
11.91919 -4.233 -6.521 -8.119 -10.163 -11.249 -11.645 -12.626 -13.446 -13.985 
12.12121 -3.940 -5.545 -8.704 -9.952 -10.824 -11.646 -12.524 -13.351 -13.933 
12.32323 -3.928 -5.445 -8.305 -9.819 -10.927 -11.478 -12.380 -13.283 -13.838 
12.52525 -1.909 -5.284 -8.049 -9.676 -10.775 -11.240 -12.333 -13.274 -13.803 
12.72727 -3.710 -4.773 -8.224 -9.573 -10.584 -11.443 -12.355 -13.196 -13.776 
12.92929 3.590 -4.915 -7.669 -9.449 -10.408 -10.974 -12.237 -13.136 -13.666 
13.13131 -1.519 -5.461 -7.389 -9.351 -10.228 -10.997 -12.183 -13.019 -13.592 
13.33333 -2.429 -4.442 -7.465 -9.164 -10.340 -10.771 -12.008 -13.019 -13.606 
13.53535 -3.973 -4.137 -7.441 -9.276 -10.041 -10.870 -11.920 -12.919 -13.555 
13.73737 -3.904 -4.291 -7.582 -9.247 -10.041 -10.528 -11.918 -12.782 -13.461 
13.93939 -3.715 -4.737 -7.086 -8.815 -9.921 -10.639 -11.766 -12.830 -13.386 
14.14141 5.585 -3.901 -7.260 -8.688 -9.754 -10.435 -11.653 -12.699 -13.311 
14.34343 6.494 -4.619 -6.873 -8.554 -9.584 -10.367 -11.664 -12.636 -13.293 
14.54545 -2.850 -3.041 -6.636 -8.439 -9.519 -10.449 -11.420 -12.548 -13.317 
14.74747 1.601 -3.032 -6.334 -8.429 -9.563 -10.234 -11.351 -12.507 -13.209 
14.94949 -2.430 -4.031 -7.186 -8.284 -9.264 -10.055 -11.312 -12.570 -13.220 
15.15152 -2.600 -5.039 -6.222 -8.108 -9.724 -9.876 -11.283 -12.344 -13.153 
15.35354 -3.812 -4.697 -6.163 -7.918 -9.199 -10.006 -11.097 -12.334 -13.080 
15.55556 -3.195 -3.728 -5.268 -7.972 -9.169 -9.907 -11.081 -12.330 -13.062 
15.75758 -3.588 -2.230 -5.810 -8.044 -8.962 -9.779 -11.113 -12.201 -13.000 
15.95960 5.047 -3.301 -5.618 -7.949 -8.685 -9.706 -10.952 -12.213 -13.017 
16.16162 -1.261 -4.131 -5.454 -7.430 -8.757 -9.650 -10.889 -12.105 -12.948 
16.36364 3.022 -2.812 -5.222 -7.575 -8.616 -9.439 -10.816 -12.049 -12.805 
16.56566 -1.954 -2.303 -5.433 -7.503 -8.543 -9.295 -10.797 -12.019 -12.764 
16.76768 -0.816 -2.650 -5.433 -6.936 -8.549 -9.209 -10.698 -11.898 -12.823 
16.96970 -2.647 -3.376 -5.664 -7.346 -8.435 -9.080 -10.643 -11.948 -12.797 
17.17172 5.418 -1.494 -5.203 -7.086 -8.204 -9.072 -10.505 -11.770 -12.706 
17.37374 -2.843 -3.882 -4.742 -6.947 -8.363 -8.920 -10.416 -11.717 -12.641 
17.57576 8.103 -2.281 -5.400 -7.616 -8.165 -8.863 -10.389 -11.695 -12.603 
17.77778 15.721 -1.550 -5.365 -6.839 -8.318 -8.986 -10.187 -11.587 -12.590 
17.97980 5.241 -3.256 -4.190 -6.847 -7.685 -8.447 -10.155 -11.601 -12.432 
18.18182 8.786 -0.335 -4.787 -6.717 -7.752 -8.512 -10.056 -11.438 -12.384 
18.38384 -3.245 -1.481 -4.323 -6.714 -7.709 -8.391 -10.010 -11.403 -12.381 
18.58586 20.323 -0.852 -4.765 -6.308 -7.494 -8.297 -10.056 -11.362 -12.298 
18.78788 -1.282 -0.728 -3.835 -6.334 -7.618 -8.208 -9.875 -11.264 -12.197 
18.98990 -2.396 -2.256 -3.353 -6.470 -7.369 -8.117 -9.723 -11.231 -12.216 
19.19192 15.799 -2.895 -3.908 -6.112 -7.012 -7.928 -9.688 -11.156 -12.165 
19.39394 -2.501 -1.692 -3.760 -5.928 -7.298 -7.665 -9.743 -11.116 -11.975 
19.59596 0.000 -0.655 -3.321 -5.468 -7.312 -7.876 -9.465 -11.008 -11.969 
19.79798 -3.318 -3.872 -3.526 -5.696 -6.791 -7.892 -9.377 -10.786 -11.830 
20.00000 5.491 2.579 -3.289 -5.620 -6.592 -7.689 -9.204 -10.780 -11.762 
