# t[days] u g r i z y J H K
0.20202 140.538 120.089 nan 22.907 28.569 nan nan nan nan 
0.40404 -10.838 -12.206 -11.284 -11.588 -12.952 -13.951 -11.832 -13.141 -14.534 
0.60606 -13.404 -13.283 -13.698 -14.207 -14.091 -14.447 -13.822 -13.888 -13.756 
0.80808 -13.916 -13.993 -14.276 -14.869 -14.915 -14.670 -15.335 -14.538 -14.782 
1.01010 -14.440 -14.402 -14.802 -15.363 -15.714 -15.827 -15.406 -15.187 -14.171 
1.21212 -14.698 -14.958 -15.143 -15.532 -15.812 -15.956 -15.487 -14.809 -14.877 
1.41414 -14.729 -14.869 -15.004 -15.400 -15.646 -15.633 -15.690 -15.273 -14.779 
1.61616 -14.621 -14.834 -14.905 -15.528 -15.647 -15.832 -15.642 -15.264 -15.461 
1.81818 -14.570 -14.676 -14.939 -15.357 -15.771 -15.707 -15.691 -15.359 -14.897 
2.02020 -14.318 -14.601 -15.176 -15.411 -15.742 -15.846 -15.699 -15.308 -14.849 
2.22222 -14.340 -14.719 -15.165 -15.435 -15.721 -15.891 -15.703 -15.483 -15.138 
2.42424 -14.118 -14.580 -15.028 -15.468 -15.736 -15.861 -15.778 -15.514 -15.003 
2.62626 -13.993 -14.562 -15.057 -15.425 -15.774 -15.917 -15.786 -15.566 -15.174 
2.82828 -13.724 -14.471 -14.962 -15.480 -15.766 -15.925 -15.805 -15.641 -15.066 
3.03030 -13.734 -14.449 -14.973 -15.383 -15.720 -15.918 -15.866 -15.559 -15.220 
3.23232 -13.488 -14.221 -14.975 -15.381 -15.701 -15.890 -15.881 -15.624 -15.295 
3.43434 -13.311 -14.337 -14.764 -15.414 -15.709 -15.857 -15.942 -15.562 -15.274 
3.63636 -12.958 -13.995 -14.669 -15.271 -15.656 -15.825 -15.858 -15.705 -15.369 
3.83838 -12.842 -14.079 -14.754 -15.318 -15.661 -15.806 -15.863 -15.592 -15.387 
4.04040 -12.560 -13.941 -14.649 -15.277 -15.656 -15.802 -15.834 -15.814 -15.464 
4.24242 -12.317 -13.676 -14.541 -15.129 -15.519 -15.720 -15.861 -15.687 -15.342 
4.44444 -11.741 -13.329 -14.291 -15.044 -15.526 -15.695 -15.771 -15.704 -15.504 
4.64646 -11.600 -13.246 -14.248 -14.999 -15.401 -15.645 -15.706 -15.682 -15.509 
4.84848 -11.547 -13.157 -14.187 -14.949 -15.349 -15.641 -15.771 -15.693 -15.594 
5.05051 -11.450 -12.976 -14.127 -14.842 -15.227 -15.517 -15.641 -15.653 -15.584 
5.25253 -10.959 -12.884 -13.988 -14.797 -15.184 -15.441 -15.683 -15.685 -15.535 
5.45455 -10.896 -12.688 -13.861 -14.660 -15.105 -15.462 -15.629 -15.535 -15.526 
5.65657 -10.089 -12.377 -13.637 -14.515 -15.044 -15.357 -15.554 -15.604 -15.498 
5.85859 -10.164 -11.997 -13.476 -14.400 -14.969 -15.176 -15.439 -15.489 -15.387 
6.06061 -8.973 -11.938 -13.369 -14.324 -14.914 -15.120 -15.370 -15.547 -15.506 
6.26263 -9.547 -11.651 -13.242 -14.115 -14.722 -15.091 -15.383 -15.437 -15.406 
6.46465 -9.574 -11.684 -13.096 -14.095 -14.698 -15.026 -15.301 -15.414 -15.378 
6.66667 -9.274 -11.418 -13.139 -13.920 -14.531 -14.845 -15.217 -15.360 -15.366 
6.86869 -8.592 -10.956 -12.724 -13.765 -14.462 -14.860 -15.168 -15.335 -15.194 
7.07071 -8.208 -11.050 -12.432 -13.644 -14.322 -14.760 -15.144 -15.279 -15.290 
7.27273 -7.765 -10.476 -12.427 -13.563 -14.259 -14.576 -15.104 -15.157 -15.252 
7.47475 -7.955 -10.450 -12.146 -13.459 -14.132 -14.525 -14.950 -15.184 -15.193 
7.67677 -6.778 -10.328 -12.111 -13.292 -13.996 -14.397 -14.827 -15.178 -15.156 
7.87879 -6.741 -10.404 -11.959 -13.202 -13.907 -14.352 -14.746 -15.057 -15.125 
8.08081 -7.287 -9.853 -11.872 -13.021 -13.873 -14.289 -14.672 -15.075 -15.166 
8.28283 -6.995 -9.829 -11.616 -12.970 -13.732 -14.000 -14.657 -14.953 -15.017 
8.48485 -6.306 -9.591 -11.707 -12.787 -13.603 -14.063 -14.558 -14.843 -14.989 
8.68687 -6.380 -9.223 -11.309 -12.684 -13.430 -13.970 -14.402 -14.833 -14.943 
8.88889 -6.802 -9.133 -11.119 -12.488 -13.460 -13.843 -14.365 -14.757 -14.926 
9.09091 -5.001 -8.916 -11.101 -12.400 -13.340 -13.669 -14.353 -14.614 -14.832 
9.29293 -7.765 -8.781 -10.619 -12.291 -13.111 -13.565 -14.261 -14.677 -14.779 
9.49495 -6.039 -8.377 -10.787 -12.107 -13.128 -13.595 -14.246 -14.627 -14.869 
9.69697 -5.264 -7.938 -10.483 -12.010 -13.059 -13.414 -14.114 -14.444 -14.690 
9.89899 -5.098 -8.295 -10.464 -12.089 -12.850 -13.362 -14.033 -14.463 -14.624 
10.10101 -5.654 -7.553 -10.213 -11.997 -12.732 -13.354 -13.882 -14.395 -14.611 
10.30303 -4.969 -7.405 -9.898 -11.728 -12.637 -13.279 -13.827 -14.323 -14.535 
10.50505 -5.630 -7.234 -9.979 -11.617 -12.542 -13.145 -13.759 -14.259 -14.563 
10.70707 -3.963 -7.165 -9.614 -11.535 -12.499 -13.021 -13.832 -14.273 -14.483 
10.90909 -3.842 -6.920 -9.589 -11.315 -12.354 -12.957 -13.560 -14.096 -14.453 
11.11111 -5.066 -7.088 -9.459 -11.368 -12.243 -12.899 -13.571 -14.108 -14.385 
11.31313 -5.040 -6.516 -9.307 -11.271 -12.225 -12.706 -13.476 -13.954 -14.359 
11.51515 -5.801 -6.692 -9.351 -11.219 -12.083 -12.585 -13.454 -13.972 -14.308 
11.71717 -3.426 -6.104 -9.022 -10.951 -12.025 -12.576 -13.256 -13.943 -14.266 
11.91919 -2.730 -6.063 -9.039 -11.000 -11.890 -12.457 -13.292 -13.848 -14.267 
12.12121 -1.779 -6.637 -9.293 -10.796 -11.754 -12.433 -13.177 -13.780 -14.186 
12.32323 -4.755 -6.118 -8.747 -10.616 -11.795 -12.321 -13.124 -13.789 -14.131 
12.52525 -4.129 -5.598 -8.459 -10.572 -11.583 -12.314 -13.093 -13.725 -14.113 
12.72727 -4.349 -5.738 -8.456 -10.456 -11.538 -12.288 -13.062 -13.659 -14.076 
12.92929 -4.160 -5.450 -8.446 -10.339 -11.582 -12.141 -12.966 -13.583 -14.041 
13.13131 -3.862 -6.026 -8.387 -10.165 -11.406 -12.134 -12.912 -13.504 -13.974 
13.33333 -4.055 -4.932 -8.162 -10.254 -11.339 -11.916 -12.872 -13.493 -13.906 
13.53535 -0.836 -4.768 -7.766 -10.040 -11.303 -11.866 -12.798 -13.405 -13.874 
13.73737 -4.252 -4.897 -7.817 -10.067 -11.320 -11.874 -12.734 -13.388 -13.856 
13.93939 -0.171 -4.652 -7.873 -9.782 -11.038 -11.638 -12.598 -13.323 -13.800 
14.14141 -0.089 -5.238 -7.780 -9.678 -10.948 -11.588 -12.572 -13.308 -13.780 
14.34343 0.179 -4.452 -7.688 -9.700 -10.829 -11.626 -12.428 -13.223 -13.713 
14.54545 -4.695 -5.163 -7.497 -9.562 -10.939 -11.549 -12.371 -13.178 -13.776 
14.74747 -4.543 -4.316 -7.365 -9.527 -10.731 -11.413 -12.396 -13.178 -13.622 
14.94949 -2.929 -4.094 -7.047 -9.714 -10.763 -11.437 -12.294 -13.031 -13.548 
15.15152 0.678 -3.488 -7.109 -9.399 -10.596 -11.313 -12.184 -13.018 -13.562 
15.35354 -2.595 -4.712 -7.429 -9.103 -10.441 -11.206 -12.143 -12.949 -13.454 
15.55556 1.243 -4.112 -7.274 -9.317 -10.404 -11.075 -12.047 -12.867 -13.496 
15.75758 -3.378 -4.000 -6.950 -9.173 -10.451 -10.973 -12.023 -12.946 -13.482 
15.95960 -3.317 -4.593 -6.542 -9.068 -10.165 -10.868 -11.881 -12.789 -13.326 
16.16162 -3.305 -3.613 -6.532 -8.821 -10.231 -11.130 -11.883 -12.732 -13.386 
16.36364 0.565 -3.858 -6.741 -8.785 -10.043 -10.760 -11.762 -12.674 -13.251 
16.56566 1.850 -2.219 -6.388 -8.631 -10.019 -10.701 -11.820 -12.668 -13.259 
16.76768 -3.843 -3.836 -6.407 -8.761 -9.904 -10.684 -11.726 -12.545 -13.203 
16.96970 -0.067 -2.619 -6.139 -8.640 -9.858 -10.622 -11.601 -12.454 -13.183 
17.17172 -2.465 -2.772 -6.092 -8.859 -9.699 -10.482 -11.563 -12.442 -13.181 
17.37374 0.287 -1.359 -5.994 -8.457 -9.719 -10.376 -11.542 -12.372 -13.054 
17.57576 -3.033 -2.829 -5.959 -8.201 -9.508 -10.309 -11.398 -12.335 -12.959 
17.77778 -4.048 -2.936 -5.780 -8.257 -9.537 -10.286 -11.334 -12.293 -12.973 
17.97980 -2.639 -2.578 -5.852 -8.302 -9.440 -10.174 -11.254 -12.228 -12.960 
18.18182 2.359 -3.197 -5.737 -7.940 -9.216 -10.123 -11.174 -12.185 -12.830 
18.38384 3.368 -2.213 -5.480 -8.066 -9.234 -9.967 -11.185 -12.168 -12.887 
18.58586 3.564 -2.440 -5.375 -7.909 -9.287 -9.963 -11.123 -12.059 -12.825 
18.78788 -2.665 -1.418 -5.696 -7.677 -9.133 -9.815 -11.094 -12.087 -12.825 
18.98990 3.468 -1.312 -5.305 -7.751 -9.126 -10.044 -10.988 -11.965 -12.650 
19.19192 4.022 -0.875 -5.773 -7.635 -8.983 -9.739 -10.881 -11.954 -12.706 
19.39394 -3.434 -3.293 -5.072 -7.610 -8.881 -9.832 -10.876 -12.024 -12.576 
19.59596 -2.616 -3.272 -4.725 -7.400 -9.233 -9.648 -10.739 -11.827 -12.466 
19.79798 -0.100 -2.891 -4.684 -7.216 -8.656 -9.564 -10.635 -11.753 -12.448 
20.00000 2.411 -2.376 -4.536 -7.214 -8.540 -9.318 -10.634 -11.615 -12.432 
