# t[days] u g r i z y J H K
0.20202 31.449 12.415 38.021 nan nan nan nan nan nan 
0.40404 -13.146 -12.832 -13.177 -13.494 -13.098 -12.354 -13.080 -11.280 -12.064 
0.60606 -14.047 -14.227 -14.124 -14.147 -14.923 -14.360 -14.258 -13.161 -14.425 
0.80808 -14.226 -14.148 -14.471 -15.070 -14.971 -15.058 -15.154 -14.430 -13.750 
1.01010 -14.465 -14.503 -14.675 -14.934 -15.405 -15.166 -15.024 -14.781 -14.316 
1.21212 -14.319 -14.626 -14.839 -15.234 -15.370 -15.461 -15.110 -14.808 -14.510 
1.41414 -14.121 -14.469 -14.984 -15.186 -15.395 -15.304 -15.391 -15.085 -14.434 
1.61616 -13.725 -14.401 -14.778 -15.069 -15.337 -15.310 -15.366 -15.095 -14.791 
1.81818 -13.462 -14.064 -14.633 -15.055 -15.108 -15.388 -15.401 -15.027 -14.482 
2.02020 -13.289 -13.972 -14.468 -14.877 -15.149 -15.211 -15.277 -14.897 -14.722 
2.22222 -12.934 -13.697 -14.410 -14.898 -15.272 -15.197 -15.249 -15.024 -14.386 
2.42424 -12.772 -13.624 -14.126 -14.744 -15.142 -15.373 -15.253 -15.025 -14.683 
2.62626 -12.053 -13.159 -13.948 -14.698 -15.004 -15.181 -15.151 -15.110 -14.651 
2.82828 -12.067 -13.103 -13.978 -14.471 -14.928 -15.021 -15.171 -14.937 -14.583 
3.03030 -11.917 -12.803 -13.775 -14.370 -14.800 -15.085 -15.091 -14.951 -14.840 
3.23232 -11.794 -12.756 -13.684 -14.311 -14.671 -14.897 -14.978 -14.935 -14.763 
3.43434 -11.513 -12.567 -13.468 -14.222 -14.558 -14.770 -14.983 -14.918 -14.778 
3.63636 -10.994 -12.365 -13.293 -14.130 -14.587 -14.719 -14.964 -14.973 -14.755 
3.83838 -10.708 -12.155 -13.215 -13.895 -14.472 -14.601 -14.950 -14.902 -14.711 
4.04040 -10.314 -12.046 -12.998 -13.851 -14.247 -14.512 -14.658 -14.819 -14.764 
4.24242 -10.415 -11.883 -12.941 -13.812 -14.218 -14.469 -14.842 -14.803 -14.617 
4.44444 -10.517 -11.490 -12.581 -13.654 -14.092 -14.319 -14.587 -14.825 -14.676 
4.64646 -10.092 -11.249 -12.515 -13.373 -14.000 -14.343 -14.509 -14.715 -14.779 
4.84848 -9.715 -11.231 -12.448 -13.389 -14.011 -14.183 -14.495 -14.703 -14.629 
5.05051 -9.449 -11.187 -12.523 -13.282 -13.975 -14.090 -14.457 -14.612 -14.549 
5.25253 -8.888 -10.743 -12.112 -13.158 -13.726 -13.981 -14.336 -14.446 -14.496 
5.45455 -8.475 -10.981 -12.128 -13.120 -13.588 -13.915 -14.196 -14.508 -14.487 
5.65657 -8.416 -10.616 -12.189 -12.940 -13.529 -13.878 -14.240 -14.410 -14.416 
5.85859 -8.236 -10.377 -11.830 -12.673 -13.548 -13.793 -14.073 -14.436 -14.479 
6.06061 -7.811 -9.970 -11.595 -12.622 -13.362 -13.501 -13.983 -14.298 -14.535 
6.26263 -7.504 -9.540 -11.332 -12.650 -13.129 -13.500 -13.867 -14.205 -14.335 
6.46465 -7.412 -9.739 -11.236 -12.310 -13.065 -13.361 -13.875 -14.238 -14.261 
6.66667 -7.027 -9.620 -10.994 -12.416 -12.982 -13.220 -13.720 -14.127 -14.232 
6.86869 -6.736 -9.116 -11.033 -12.172 -12.936 -13.235 -13.762 -14.036 -14.210 
7.07071 -6.760 -9.215 -10.811 -12.063 -12.766 -13.181 -13.653 -13.953 -14.154 
7.27273 -6.445 -8.508 -10.468 -11.745 -12.665 -12.838 -13.527 -13.893 -14.170 
7.47475 -5.900 -8.650 -10.519 -11.597 -12.472 -12.974 -13.485 -13.882 -14.140 
7.67677 -5.664 -8.195 -10.281 -11.640 -12.431 -12.917 -13.368 -13.774 -14.042 
7.87879 -5.405 -8.168 -10.208 -11.523 -12.289 -12.631 -13.280 -13.708 -13.849 
8.08081 -5.566 -7.953 -9.965 -11.307 -12.120 -12.625 -13.157 -13.670 -13.838 
8.28283 -5.158 -7.768 -9.865 -11.215 -12.018 -12.421 -13.054 -13.578 -13.928 
8.48485 -5.332 -7.300 -9.780 -11.059 -11.881 -12.251 -13.005 -13.486 -13.778 
8.68687 -4.656 -7.377 -9.477 -11.194 -12.050 -12.344 -12.891 -13.467 -13.776 
8.88889 -4.390 -6.973 -9.180 -10.717 -11.674 -12.215 -12.829 -13.400 -13.864 
9.09091 -4.820 -6.677 -9.050 -10.743 -11.628 -12.046 -12.685 -13.237 -13.614 
9.29293 -4.878 -7.055 -9.060 -10.791 -11.519 -11.990 -12.726 -13.217 -13.767 
9.49495 -4.941 -6.523 -8.829 -10.253 -11.344 -11.898 -12.650 -13.183 -13.515 
9.69697 -3.945 -6.422 -8.800 -10.332 -11.263 -11.745 -12.426 -13.057 -13.567 
9.89899 -4.590 -5.942 -8.596 -10.159 -11.148 -11.566 -12.451 -12.966 -13.424 
10.10101 -3.282 -5.857 -8.539 -10.012 -10.985 -11.369 -12.289 -12.906 -13.359 
10.30303 -3.433 -5.816 -8.414 -10.086 -10.938 -11.453 -12.170 -12.850 -13.306 
10.50505 -3.501 -6.095 -8.087 -9.881 -10.711 -11.433 -12.171 -12.817 -13.257 
10.70707 -2.860 -5.473 -7.932 -9.825 -10.789 -11.202 -12.032 -12.781 -13.320 
10.90909 -2.731 -5.066 -8.075 -9.613 -10.654 -11.146 -12.031 -12.677 -13.221 
11.11111 -3.827 -5.233 -7.567 -9.522 -10.483 -11.167 -11.859 -12.610 -13.167 
11.31313 -2.525 -4.751 -7.587 -9.445 -10.631 -10.909 -11.796 -12.652 -13.097 
11.51515 -4.096 -5.337 -7.613 -9.104 -10.395 -10.947 -11.774 -12.500 -13.015 
11.71717 -2.308 -5.476 -7.520 -9.422 -10.318 -10.867 -11.700 -12.492 -12.938 
11.91919 -2.507 -5.165 -7.350 -9.153 -10.267 -10.772 -11.697 -12.363 -12.876 
12.12121 -3.296 -4.508 -7.062 -9.328 -10.423 -10.855 -11.573 -12.366 -12.901 
12.32323 -3.849 -4.875 -7.023 -9.177 -9.982 -10.706 -11.518 -12.361 -12.921 
12.52525 -1.812 -4.300 -7.299 -8.830 -9.939 -10.633 -11.472 -12.301 -12.903 
12.72727 -3.420 -4.019 -6.513 -8.858 -10.210 -10.586 -11.351 -12.221 -12.705 
12.92929 -1.672 -3.969 -6.666 -8.669 -9.823 -10.498 -11.322 -12.127 -12.648 
13.13131 -1.393 -3.577 -6.392 -8.485 -9.816 -10.485 -11.319 -12.106 -12.649 
13.33333 -3.287 -4.024 -6.291 -8.322 -9.590 -10.329 -11.253 -12.086 -12.662 
13.53535 -1.146 -4.132 -5.991 -8.305 -9.622 -10.398 -11.172 -11.983 -12.554 
13.73737 -0.991 -4.040 -6.389 -8.401 -9.674 -10.144 -11.112 -11.900 -12.611 
13.93939 -2.305 -3.138 -5.966 -8.354 -9.656 -10.447 -11.046 -11.959 -12.518 
14.14141 -1.540 -3.032 -5.852 -8.163 -9.674 -10.107 -11.013 -11.928 -12.442 
14.34343 -0.505 -3.087 -5.937 -8.066 -9.265 -10.584 -10.946 -11.921 -12.420 
14.54545 -0.342 -2.762 -5.726 -8.093 -9.411 -9.922 -10.874 -11.660 -12.343 
14.74747 -0.186 -2.486 -5.808 -7.901 -9.223 -9.935 -10.951 -11.598 -12.398 
14.94949 -2.619 -2.849 -5.675 -7.681 -9.080 -9.909 -10.728 -11.655 -12.308 
15.15152 0.136 -3.201 -5.688 -7.629 -9.076 -9.830 -10.726 -11.662 -12.337 
15.35354 0.287 -2.640 -5.501 -7.665 -9.122 -9.739 -10.677 -11.570 -12.245 
15.55556 0.329 -3.506 -5.724 -7.644 -8.906 -9.602 -10.600 -11.584 -12.116 
15.75758 0.566 -2.117 -5.454 -7.604 -8.733 -9.612 -10.554 -11.425 -12.176 
15.95960 0.474 -1.771 -4.933 -7.595 -8.842 -9.492 -10.422 -11.509 -12.110 
16.16162 -3.352 -1.573 -4.856 -7.580 -8.678 -9.426 -10.492 -11.382 -12.118 
16.36364 0.883 -1.634 -4.909 -7.304 -8.793 -9.438 -10.460 -11.338 -12.025 
16.56566 1.119 -3.167 -4.771 -7.220 -8.731 -9.361 -10.353 -11.275 -12.014 
16.76768 1.183 -1.387 -4.706 -7.336 -8.574 -9.243 -10.330 -11.246 -12.038 
16.96970 -0.823 -1.209 -4.677 -6.959 -8.540 -9.143 -10.244 -11.200 -11.915 
17.17172 1.560 -1.320 -4.316 -7.153 -8.431 -9.189 -10.153 -11.182 -11.842 
17.37374 1.744 -1.030 -4.261 -6.767 -8.440 -9.084 -10.202 -11.108 -11.762 
17.57576 1.834 -0.894 -4.027 -6.634 -8.565 -8.967 -10.075 -11.080 -11.802 
17.77778 2.035 -1.289 -4.244 -6.722 -8.117 -8.950 -9.936 -10.992 -11.721 
17.97980 2.192 -2.798 -4.064 -6.580 -8.091 -8.976 -10.043 -10.950 -11.754 
18.18182 2.222 -0.955 -4.212 -6.553 -8.183 -8.861 -9.954 -10.968 -11.681 
18.38384 -1.372 -0.642 -3.681 -6.487 -8.146 -8.727 -9.888 -10.867 -11.653 
18.58586 2.546 -0.301 -3.917 -6.510 -8.009 -8.685 -9.880 -10.890 -11.624 
18.78788 2.820 -1.919 -3.669 -6.456 -7.936 -8.716 -9.752 -10.709 -11.526 
18.98990 2.945 -0.802 -3.741 -6.388 -7.870 -8.657 -9.737 -10.800 -11.424 
19.19192 3.057 -1.561 -3.739 -6.161 -7.847 -8.662 -9.718 -10.680 -11.523 
19.39394 2.987 -1.148 -3.494 -6.301 -7.754 -8.930 -9.591 -10.588 -11.378 
19.59596 3.212 -0.215 -3.149 -6.148 -7.629 -8.393 -9.551 -10.507 -11.309 
19.79798 3.399 0.228 -3.024 -5.940 -7.570 -8.406 -9.410 -10.419 -11.225 
20.00000 -1.494 0.777 -3.398 -6.021 -7.343 -8.129 -9.328 -10.231 -11.158 
