# t[days] u g r i z y J H K
0.20202 68.737 8.221 nan nan nan nan nan nan nan 
0.40404 -12.562 -11.510 -12.446 -13.098 -12.018 -11.639 -11.984 -9.233 -6.856 
0.60606 -13.105 -13.125 -13.325 -14.580 -14.069 -14.615 -14.243 -14.103 -13.509 
0.80808 -13.854 -14.032 -14.490 -15.136 -15.579 -15.676 -14.591 -14.569 -14.561 
1.01010 -14.526 -14.570 -14.873 -15.403 -15.808 -16.012 -15.521 -15.506 -14.850 
1.21212 -14.826 -14.863 -15.089 -15.400 -15.905 -15.950 -15.627 -15.414 -14.856 
1.41414 -14.884 -14.906 -15.144 -15.544 -15.719 -16.006 -15.743 -15.387 -14.473 
1.61616 -14.648 -14.910 -15.150 -15.549 -15.866 -15.845 -15.719 -15.560 -14.970 
1.81818 -14.893 -15.059 -15.301 -15.682 -15.876 -16.063 -15.879 -15.509 -15.367 
2.02020 -14.541 -14.835 -15.285 -15.646 -15.998 -16.101 -15.892 -15.484 -14.973 
2.22222 -14.705 -15.010 -15.431 -15.701 -15.957 -16.083 -15.868 -15.701 -15.076 
2.42424 -14.290 -14.773 -15.346 -15.618 -15.939 -16.045 -15.891 -15.541 -15.322 
2.62626 -14.356 -14.738 -15.231 -15.616 -15.965 -15.957 -16.003 -15.734 -15.195 
2.82828 -14.111 -14.510 -15.129 -15.663 -15.874 -16.119 -15.996 -15.604 -15.348 
3.03030 -13.770 -14.679 -15.183 -15.626 -15.941 -16.071 -16.016 -15.694 -15.436 
3.23232 -13.701 -14.537 -15.073 -15.650 -15.986 -16.150 -16.025 -15.793 -15.456 
3.43434 -13.439 -14.436 -14.987 -15.519 -15.833 -16.027 -16.052 -15.862 -15.485 
3.63636 -13.109 -14.297 -15.041 -15.566 -15.930 -16.104 -16.076 -15.756 -15.513 
3.83838 -13.224 -14.261 -15.017 -15.476 -15.879 -16.064 -16.043 -15.880 -15.611 
4.04040 -12.874 -14.036 -14.858 -15.467 -15.880 -15.981 -16.058 -15.859 -15.666 
4.24242 -12.457 -13.949 -14.870 -15.424 -15.830 -15.974 -16.073 -15.870 -15.550 
4.44444 -12.262 -13.751 -14.669 -15.356 -15.732 -15.945 -16.021 -15.880 -15.644 
4.64646 -11.997 -13.481 -14.506 -15.216 -15.666 -15.916 -16.013 -15.901 -15.682 
4.84848 -11.919 -13.437 -14.559 -15.231 -15.624 -15.931 -15.926 -15.905 -15.724 
5.05051 -11.772 -13.233 -14.322 -15.116 -15.597 -15.816 -15.958 -15.926 -15.823 
5.25253 -11.501 -13.054 -14.200 -15.043 -15.531 -15.734 -15.872 -15.842 -15.766 
5.45455 -11.471 -12.922 -14.085 -14.859 -15.430 -15.690 -15.908 -15.784 -15.592 
5.65657 -10.809 -12.817 -13.861 -14.807 -15.294 -15.641 -15.763 -15.809 -15.669 
5.85859 -10.477 -12.478 -13.803 -14.745 -15.226 -15.547 -15.681 -15.768 -15.660 
6.06061 -10.612 -12.470 -13.829 -14.637 -15.196 -15.480 -15.742 -15.691 -15.726 
6.26263 -9.808 -12.008 -13.474 -14.505 -15.090 -15.395 -15.588 -15.711 -15.665 
6.46465 -9.983 -12.033 -13.407 -14.360 -14.959 -15.295 -15.561 -15.697 -15.630 
6.66667 -9.447 -11.718 -13.384 -14.287 -14.937 -15.178 -15.534 -15.650 -15.633 
6.86869 -8.858 -11.775 -13.135 -14.136 -14.830 -15.148 -15.429 -15.631 -15.526 
7.07071 -9.407 -11.260 -12.901 -14.046 -14.725 -15.019 -15.322 -15.504 -15.535 
7.27273 -9.266 -11.215 -12.824 -14.012 -14.620 -14.871 -15.323 -15.514 -15.439 
7.47475 -9.457 -11.077 -12.675 -13.739 -14.481 -14.897 -15.220 -15.501 -15.511 
7.67677 -8.747 -10.710 -12.465 -13.669 -14.367 -14.657 -15.138 -15.366 -15.530 
7.87879 -8.297 -10.458 -12.318 -13.545 -14.334 -14.692 -15.157 -15.376 -15.380 
8.08081 -7.824 -10.392 -12.099 -13.451 -14.246 -14.548 -15.041 -15.265 -15.331 
8.28283 -7.202 -10.203 -12.087 -13.274 -14.043 -14.457 -14.918 -15.281 -15.266 
8.48485 -6.525 -9.878 -11.992 -13.351 -13.994 -14.422 -14.883 -15.155 -15.243 
8.68687 -6.639 -9.974 -11.902 -13.077 -13.913 -14.384 -14.838 -15.142 -15.228 
8.88889 -7.608 -9.984 -11.566 -12.948 -13.786 -14.183 -14.674 -15.091 -15.090 
9.09091 -6.456 -9.357 -11.370 -12.873 -13.641 -13.977 -14.648 -14.999 -15.101 
9.29293 -6.607 -8.927 -11.203 -12.704 -13.541 -13.957 -14.543 -14.909 -15.026 
9.49495 -7.206 -8.935 -11.296 -12.647 -13.427 -13.985 -14.485 -14.908 -14.937 
9.69697 -5.439 -9.010 -10.998 -12.488 -13.270 -13.821 -14.452 -14.749 -15.029 
9.89899 -5.850 -8.363 -10.642 -12.323 -13.182 -13.668 -14.345 -14.772 -14.919 
10.10101 -5.275 -8.087 -10.718 -12.203 -13.155 -13.603 -14.271 -14.795 -14.881 
10.30303 -4.674 -8.725 -10.572 -12.210 -13.068 -13.527 -14.227 -14.623 -14.881 
10.50505 -4.962 -7.771 -10.291 -12.023 -13.118 -13.362 -14.060 -14.676 -14.894 
10.70707 -5.950 -8.233 -10.681 -12.034 -12.869 -13.365 -14.014 -14.527 -14.700 
10.90909 -5.225 -7.777 -10.048 -11.695 -12.754 -13.229 -14.055 -14.516 -14.788 
11.11111 -5.696 -7.568 -9.955 -11.736 -12.611 -13.259 -13.897 -14.359 -14.734 
11.31313 -3.537 -6.746 -9.986 -11.744 -12.521 -13.136 -13.784 -14.384 -14.672 
11.51515 -4.579 -7.421 -9.568 -11.330 -12.565 -12.978 -13.783 -14.236 -14.661 
11.71717 -5.728 -7.148 -9.899 -11.413 -12.412 -12.969 -13.658 -14.283 -14.587 
11.91919 -5.723 -6.696 -9.303 -11.338 -12.187 -12.879 -13.675 -14.229 -14.503 
12.12121 -4.887 -6.335 -9.341 -11.068 -12.090 -12.681 -13.582 -14.066 -14.405 
12.32323 -2.570 -6.902 -8.986 -10.923 -11.983 -12.638 -13.477 -14.027 -14.471 
12.52525 -5.382 -6.956 -9.192 -10.935 -11.849 -12.680 -13.430 -14.118 -14.441 
12.72727 -3.923 -5.866 -8.806 -10.807 -11.913 -12.440 -13.334 -14.024 -14.274 
12.92929 -4.544 -5.861 -8.893 -10.683 -11.809 -12.487 -13.274 -13.898 -14.340 
13.13131 -0.926 -6.308 -8.494 -10.502 -11.779 -12.322 -13.225 -13.842 -14.210 
13.33333 -3.474 -5.895 -8.306 -10.422 -11.620 -12.365 -13.174 -13.815 -14.139 
13.53535 -3.712 -6.173 -8.109 -10.402 -11.572 -12.205 -13.046 -13.695 -14.184 
13.73737 -4.246 -5.291 -8.149 -10.401 -11.425 -12.142 -12.959 -13.684 -14.163 
13.93939 -3.224 -4.562 -8.085 -10.132 -11.381 -12.030 -12.882 -13.592 -14.023 
14.14141 -0.077 -5.608 -8.350 -10.178 -11.396 -11.910 -12.792 -13.620 -14.007 
14.34343 -3.657 -4.700 -8.179 -9.929 -11.371 -11.858 -12.830 -13.556 -14.123 
14.54545 -1.391 -5.078 -7.735 -10.042 -11.200 -11.911 -12.821 -13.506 -13.950 
14.74747 -3.950 -4.994 -7.563 -9.930 -10.941 -11.720 -12.668 -13.429 -13.883 
14.94949 -1.549 -6.058 -7.469 -9.833 -11.060 -11.624 -12.541 -13.372 -13.934 
15.15152 -3.650 -4.352 -7.342 -9.555 -10.770 -11.364 -12.558 -13.294 -13.814 
15.35354 -4.027 -5.252 -7.548 -9.516 -10.680 -11.400 -12.396 -13.245 -13.821 
15.55556 -3.729 -4.881 -7.393 -9.442 -10.726 -11.533 -12.404 -13.215 -13.724 
15.75758 -2.954 -4.416 -7.261 -9.439 -10.654 -11.385 -12.283 -13.157 -13.706 
15.95960 -5.361 -3.586 -6.857 -9.146 -10.445 -11.354 -12.166 -13.111 -13.600 
16.16162 1.525 -4.067 -6.914 -9.067 -10.436 -11.101 -12.279 -13.062 -13.569 
16.36364 1.656 -3.059 -6.797 -9.455 -10.464 -11.075 -12.185 -12.967 -13.582 
16.56566 0.344 -4.455 -6.893 -8.974 -10.252 -10.970 -12.060 -12.946 -13.502 
16.76768 1.873 -3.580 -6.550 -8.720 -10.334 -10.911 -12.013 -12.818 -13.519 
16.96970 -3.618 -3.673 -6.434 -8.773 -10.044 -10.939 -11.900 -12.855 -13.528 
17.17172 -2.725 -4.002 -6.912 -8.689 -10.093 -10.754 -11.789 -12.792 -13.373 
17.37374 -0.182 -3.850 -6.237 -8.675 -9.878 -10.793 -11.794 -12.770 -13.364 
17.57576 2.119 -2.094 -6.673 -8.708 -9.882 -10.515 -11.667 -12.646 -13.303 
17.77778 -3.934 -4.155 -6.258 -8.821 -9.827 -10.510 -11.594 -12.587 -13.219 
17.97980 -4.629 -4.584 -6.235 -8.379 -9.733 -10.392 -11.519 -12.588 -13.190 
18.18182 -3.582 -4.769 -5.883 -8.281 -9.522 -10.464 -11.513 -12.500 -13.184 
18.38384 -2.968 -3.855 -5.883 -8.257 -9.692 -10.373 -11.463 -12.502 -13.157 
18.58586 1.412 -4.199 -5.652 -8.136 -9.552 -10.138 -11.349 -12.410 -13.012 
18.78788 -3.116 -4.669 -5.555 -8.202 -9.382 -10.188 -11.255 -12.375 -13.032 
18.98990 -2.996 -3.060 -5.434 -7.883 -9.401 -10.098 -11.274 -12.318 -12.999 
19.19192 -3.328 -2.677 -5.033 -7.936 -9.205 -10.084 -11.214 -12.175 -12.917 
19.39394 3.767 -1.030 -4.924 -7.947 -9.298 -9.966 -11.121 -12.145 -12.947 
19.59596 -2.921 -0.810 -5.239 -7.627 -8.933 -9.759 -10.967 -12.130 -12.771 
19.79798 4.284 -3.862 -5.058 -7.461 -9.068 -10.047 -11.009 -12.076 -12.744 
20.00000 -2.864 0.362 -4.763 -7.475 -8.816 -9.585 -10.656 -12.004 -12.687 
