# t[days] u g r i z y J H K
0.20202 40.158 28.293 nan nan nan nan nan nan nan 
0.40404 -11.819 -12.070 -11.492 -12.299 -14.673 -14.443 -13.258 -12.730 -7.657 
0.60606 -14.192 -14.080 -14.468 -14.447 -15.108 -14.867 -15.061 -14.408 -13.199 
0.80808 -14.922 -15.036 -15.124 -15.614 -15.774 -16.009 -15.486 -14.995 -14.075 
1.01010 -15.314 -15.051 -15.344 -15.831 -16.108 -16.267 -16.032 -15.359 -15.133 
1.21212 -15.046 -15.294 -15.568 -15.964 -16.340 -16.409 -16.151 -15.688 -15.390 
1.41414 -14.996 -15.211 -15.485 -15.900 -16.298 -16.567 -16.190 -15.619 -15.393 
1.61616 -15.000 -15.276 -15.575 -15.959 -16.333 -16.472 -16.188 -15.579 -15.367 
1.81818 -14.741 -15.239 -15.632 -15.952 -16.351 -16.500 -16.215 -15.755 -15.552 
2.02020 -14.802 -15.251 -15.647 -16.040 -16.402 -16.437 -16.240 -15.992 -15.703 
2.22222 -14.608 -15.259 -15.538 -15.929 -16.351 -16.542 -16.283 -16.026 -15.608 
2.42424 -14.482 -14.983 -15.438 -15.886 -16.293 -16.470 -16.291 -15.982 -15.728 
2.62626 -14.277 -14.917 -15.515 -15.963 -16.256 -16.458 -16.307 -16.053 -15.662 
2.82828 -14.107 -14.832 -15.393 -15.809 -16.264 -16.471 -16.259 -16.025 -15.641 
3.03030 -14.050 -14.765 -15.355 -15.835 -16.224 -16.404 -16.332 -16.036 -15.745 
3.23232 -13.818 -14.693 -15.291 -15.854 -16.196 -16.477 -16.330 -16.189 -15.845 
3.43434 -13.534 -14.527 -15.189 -15.763 -16.121 -16.356 -16.301 -16.165 -15.784 
3.63636 -13.408 -14.317 -15.018 -15.647 -16.136 -16.344 -16.262 -16.112 -15.869 
3.83838 -13.062 -14.309 -15.088 -15.601 -16.095 -16.326 -16.336 -16.172 -15.773 
4.04040 -12.776 -14.017 -14.934 -15.582 -16.017 -16.225 -16.291 -16.068 -15.877 
4.24242 -12.600 -13.810 -14.772 -15.424 -15.877 -16.079 -16.188 -16.067 -15.930 
4.44444 -12.502 -13.779 -14.711 -15.413 -15.842 -16.104 -16.167 -16.082 -15.897 
4.64646 -11.932 -13.614 -14.630 -15.333 -15.832 -16.038 -16.157 -16.076 -15.749 
4.84848 -11.886 -13.543 -14.522 -15.226 -15.732 -15.960 -16.122 -16.017 -15.859 
5.05051 -11.490 -13.255 -14.315 -15.133 -15.657 -15.846 -16.016 -16.003 -15.820 
5.25253 -10.774 -13.037 -14.222 -15.033 -15.588 -15.758 -15.952 -15.930 -15.793 
5.45455 -10.710 -12.855 -14.195 -14.900 -15.460 -15.722 -15.884 -15.884 -15.707 
5.65657 -10.654 -12.675 -13.994 -14.813 -15.393 -15.711 -15.851 -15.807 -15.755 
5.85859 -10.148 -12.576 -13.927 -14.751 -15.296 -15.631 -15.849 -15.822 -15.778 
6.06061 -9.768 -12.391 -13.710 -14.664 -15.171 -15.508 -15.706 -15.757 -15.820 
6.26263 -9.554 -12.089 -13.549 -14.453 -15.106 -15.466 -15.657 -15.821 -15.680 
6.46465 -9.706 -11.841 -13.368 -14.285 -15.000 -15.321 -15.544 -15.763 -15.673 
6.66667 -9.007 -11.789 -13.134 -14.163 -14.862 -15.218 -15.478 -15.572 -15.513 
6.86869 -8.833 -11.498 -13.118 -14.224 -14.845 -15.146 -15.418 -15.634 -15.540 
7.07071 -8.362 -11.155 -12.811 -13.935 -14.715 -15.044 -15.369 -15.480 -15.496 
7.27273 -7.977 -11.044 -12.701 -13.885 -14.560 -14.905 -15.302 -15.475 -15.421 
7.47475 -8.119 -10.847 -12.813 -13.810 -14.517 -14.902 -15.241 -15.428 -15.490 
7.67677 -7.984 -10.778 -12.414 -13.584 -14.444 -14.809 -15.162 -15.434 -15.386 
7.87879 -7.012 -10.692 -12.389 -13.661 -14.333 -14.669 -15.132 -15.341 -15.401 
8.08081 -7.621 -10.516 -12.143 -13.417 -14.195 -14.585 -14.900 -15.173 -15.323 
8.28283 -7.241 -10.154 -11.914 -13.336 -13.997 -14.388 -14.916 -15.131 -15.250 
8.48485 -7.456 -10.024 -11.960 -13.180 -13.957 -14.309 -14.822 -15.155 -15.138 
8.68687 -6.152 -9.528 -11.807 -12.993 -13.949 -14.314 -14.736 -15.024 -15.187 
8.88889 -6.146 -9.413 -11.727 -12.947 -13.747 -14.100 -14.635 -15.014 -15.125 
9.09091 -6.882 -9.368 -11.338 -12.724 -13.649 -14.131 -14.537 -14.863 -15.033 
9.29293 -6.197 -9.395 -11.348 -12.645 -13.584 -13.956 -14.493 -14.855 -14.986 
9.49495 -5.209 -8.788 -10.996 -12.553 -13.454 -13.898 -14.419 -14.828 -15.001 
9.69697 -6.666 -8.312 -10.787 -12.367 -13.281 -13.768 -14.347 -14.694 -14.959 
9.89899 -4.622 -8.282 -10.926 -12.322 -13.182 -13.738 -14.259 -14.670 -14.872 
10.10101 -6.136 -8.342 -10.772 -12.198 -13.071 -13.627 -14.187 -14.648 -14.870 
10.30303 -5.771 -8.575 -10.544 -12.150 -13.007 -13.570 -14.025 -14.581 -14.819 
10.50505 -4.832 -7.631 -10.415 -12.026 -12.888 -13.337 -14.025 -14.501 -14.742 
10.70707 -3.827 -7.572 -10.238 -11.819 -12.825 -13.346 -13.974 -14.438 -14.660 
10.90909 -4.525 -7.511 -10.046 -11.753 -12.659 -13.115 -13.829 -14.384 -14.621 
11.11111 -4.843 -7.197 -9.756 -11.573 -12.656 -13.113 -13.776 -14.305 -14.524 
11.31313 -3.893 -7.094 -10.007 -11.723 -12.484 -13.035 -13.744 -14.288 -14.600 
11.51515 -2.893 -6.988 -9.582 -11.432 -12.349 -12.983 -13.601 -14.170 -14.566 
11.71717 -2.769 -6.805 -9.744 -11.357 -12.437 -12.995 -13.602 -14.171 -14.503 
11.91919 -3.077 -6.518 -9.377 -11.103 -12.333 -12.836 -13.591 -14.054 -14.396 
12.12121 -3.829 -6.462 -9.168 -11.119 -12.201 -12.749 -13.530 -14.032 -14.412 
12.32323 -2.661 -6.218 -9.071 -10.979 -12.053 -12.627 -13.398 -13.983 -14.303 
12.52525 -2.312 -6.054 -9.009 -10.923 -12.058 -12.525 -13.328 -13.966 -14.294 
12.72727 -2.855 -6.011 -8.954 -10.865 -12.045 -12.479 -13.269 -13.917 -14.340 
12.92929 -4.528 -6.115 -8.799 -10.714 -11.974 -12.419 -13.190 -13.844 -14.157 
13.13131 -3.178 -6.289 -8.646 -10.573 -11.856 -12.329 -13.147 -13.826 -14.174 
13.33333 -1.925 -5.789 -8.508 -10.551 -11.746 -12.362 -13.062 -13.687 -14.166 
13.53535 -4.115 -5.758 -8.297 -10.369 -11.597 -12.222 -13.047 -13.700 -14.063 
13.73737 -3.785 -5.772 -8.325 -10.279 -11.501 -12.208 -12.988 -13.609 -14.034 
13.93939 -3.855 -5.426 -8.065 -10.321 -11.477 -12.114 -12.920 -13.585 -13.984 
14.14141 -1.470 -5.260 -8.105 -10.312 -11.466 -12.032 -12.809 -13.562 -13.967 
14.34343 -2.883 -5.489 -8.011 -10.189 -11.391 -12.020 -12.818 -13.511 -13.941 
14.54545 -1.228 -4.473 -7.778 -10.149 -11.306 -11.874 -12.722 -13.446 -13.883 
14.74747 -3.499 -5.015 -7.916 -9.954 -11.161 -11.830 -12.649 -13.349 -13.884 
14.94949 -3.453 -5.142 -7.669 -9.802 -11.075 -11.828 -12.631 -13.405 -13.830 
15.15152 -3.389 -3.976 -7.903 -9.752 -10.980 -11.682 -12.574 -13.366 -13.741 
15.35354 -4.366 -4.567 -7.395 -9.759 -10.907 -11.605 -12.527 -13.192 -13.755 
15.55556 -4.267 -3.859 -7.465 -9.580 -10.941 -11.644 -12.413 -13.161 -13.700 
15.75758 -3.390 -4.394 -7.290 -9.643 -10.824 -11.500 -12.389 -13.181 -13.706 
15.95960 -2.915 -5.099 -7.030 -9.614 -10.909 -11.438 -12.301 -13.056 -13.571 
16.16162 -3.352 -3.646 -7.300 -9.370 -10.676 -11.391 -12.292 -13.044 -13.621 
16.36364 -1.082 -3.817 -6.856 -9.251 -10.613 -11.417 -12.274 -13.016 -13.581 
16.56566 0.098 -3.787 -6.753 -9.273 -10.636 -11.286 -12.167 -12.964 -13.502 
16.76768 -3.255 -4.293 -6.752 -9.391 -10.702 -11.199 -12.172 -12.896 -13.427 
16.96970 -3.143 -3.288 -6.615 -9.049 -10.397 -11.116 -12.057 -12.906 -13.399 
17.17172 -3.680 -3.581 -6.730 -8.999 -10.360 -11.170 -12.046 -12.850 -13.410 
17.37374 -1.596 -4.058 -6.396 -8.851 -10.185 -11.012 -11.979 -12.870 -13.368 
17.57576 0.842 -2.888 -6.411 -8.792 -10.319 -11.061 -11.915 -12.753 -13.446 
17.77778 -2.571 -3.797 -6.368 -8.819 -10.184 -10.911 -11.910 -12.698 -13.325 
17.97980 1.081 -3.752 -6.376 -8.671 -10.103 -10.865 -11.881 -12.672 -13.225 
18.18182 1.355 -3.483 -6.498 -8.640 -10.055 -10.803 -11.751 -12.562 -13.284 
18.38384 1.484 -3.769 -6.089 -8.537 -10.003 -10.875 -11.628 -12.613 -13.182 
18.58586 -2.740 -3.760 -5.888 -8.578 -9.926 -10.698 -11.641 -12.567 -13.193 
18.78788 -2.038 -3.439 -5.775 -8.226 -9.804 -10.600 -11.592 -12.463 -13.085 
18.98990 1.001 -2.591 -5.877 -8.416 -9.903 -10.599 -11.554 -12.436 -13.041 
19.19192 -3.334 -1.640 -5.765 -8.230 -9.621 -10.435 -11.540 -12.375 -12.924 
19.39394 2.120 -3.844 -5.722 -8.091 -9.640 -10.406 -11.345 -12.302 -12.988 
19.59596 -3.146 -3.829 -5.254 -7.953 -9.524 -10.332 -11.332 -12.277 -12.947 
19.79798 -4.526 -1.236 -5.515 -7.930 -9.509 -10.251 -11.271 -12.118 -12.804 
20.00000 2.502 -0.614 -5.904 -7.757 -9.274 -9.953 -11.035 -12.052 -12.738 
