# t[days] u g r i z y J H K
0.20202 131.278 205.765 nan nan nan nan nan nan nan 
0.40404 -12.872 -13.265 -12.936 -13.434 -12.894 -14.304 -11.544 -13.205 -7.001 
0.60606 -12.745 -13.452 -13.569 -13.622 -13.471 -13.574 -12.751 -14.306 -11.518 
0.80808 -14.019 -14.403 -14.339 -14.626 -14.398 -14.093 -14.139 -13.436 -12.572 
1.01010 -14.029 -14.440 -14.405 -14.853 -14.881 -14.524 -14.464 -13.895 -13.786 
1.21212 -13.810 -14.026 -14.301 -14.600 -14.852 -14.532 -14.487 -13.674 -12.979 
1.41414 -13.682 -14.143 -14.394 -14.655 -14.829 -14.574 -14.395 -13.885 -13.191 
1.61616 -13.270 -13.916 -14.182 -14.747 -14.592 -14.509 -14.568 -13.874 -13.617 
1.81818 -13.256 -13.715 -14.253 -14.482 -14.732 -14.623 -14.614 -14.291 -13.932 
2.02020 -12.927 -13.593 -14.036 -14.650 -14.707 -14.654 -14.513 -14.458 -14.295 
2.22222 -12.661 -13.407 -13.995 -14.257 -14.560 -14.468 -14.522 -14.634 -13.979 
2.42424 -12.354 -13.252 -13.824 -14.329 -14.556 -14.671 -14.474 -14.263 -13.711 
2.62626 -11.929 -12.786 -13.541 -14.241 -14.541 -14.503 -14.548 -14.547 -14.193 
2.82828 -11.719 -12.656 -13.417 -13.992 -14.416 -14.371 -14.567 -14.344 -14.024 
3.03030 -11.516 -12.388 -13.184 -14.168 -14.336 -14.546 -14.557 -14.361 -14.353 
3.23232 -11.211 -12.247 -12.993 -13.782 -14.076 -14.454 -14.377 -14.468 -14.198 
3.43434 -10.924 -11.956 -12.947 -13.607 -14.111 -14.162 -14.542 -14.509 -13.948 
3.63636 -10.674 -11.631 -12.611 -13.424 -13.893 -14.180 -14.290 -14.359 -14.391 
3.83838 -10.568 -11.375 -12.318 -13.490 -13.843 -14.070 -14.271 -14.469 -14.324 
4.04040 -10.282 -11.304 -12.267 -13.250 -13.727 -14.019 -14.267 -14.419 -14.381 
4.24242 -9.998 -10.942 -12.024 -13.055 -13.666 -13.759 -14.213 -14.307 -14.150 
4.44444 -9.797 -10.773 -11.821 -12.901 -13.397 -13.735 -14.182 -14.466 -14.408 
4.64646 -9.600 -10.530 -11.561 -12.558 -13.412 -13.593 -14.097 -14.144 -14.118 
4.84848 -9.388 -10.321 -11.149 -12.463 -13.162 -13.537 -13.981 -14.249 -14.203 
5.05051 -9.279 -10.275 -11.173 -12.370 -13.157 -13.475 -13.857 -14.251 -14.155 
5.25253 -9.033 -10.065 -10.937 -12.167 -12.814 -13.236 -13.794 -14.129 -14.234 
5.45455 -8.833 -9.770 -10.772 -12.080 -12.814 -13.009 -13.618 -13.977 -14.228 
5.65657 -8.642 -9.602 -10.738 -12.045 -12.725 -12.958 -13.559 -14.012 -14.130 
5.85859 -8.492 -9.411 -10.354 -11.743 -12.484 -13.005 -13.549 -13.967 -14.106 
6.06061 -8.283 -9.425 -10.286 -11.629 -12.219 -12.626 -13.482 -13.938 -14.171 
6.26263 -8.114 -9.057 -10.005 -11.657 -12.314 -12.754 -13.321 -13.793 -14.030 
6.46465 -7.952 -8.912 -9.974 -11.372 -12.020 -12.591 -13.335 -13.837 -14.133 
6.66667 -7.775 -8.766 -10.002 -11.110 -11.832 -12.255 -13.266 -13.930 -14.108 
6.86869 -7.622 -8.620 -10.037 -10.990 -11.822 -12.368 -13.073 -13.583 -14.032 
7.07071 -7.445 -8.526 -9.539 -10.818 -11.740 -12.242 -13.036 -13.775 -13.907 
7.27273 -7.258 -8.283 -9.266 -10.603 -11.659 -12.289 -12.845 -13.627 -13.872 
7.47475 -7.069 -8.130 -9.071 -10.453 -11.507 -12.025 -13.029 -13.696 -14.042 
7.67677 -6.880 -7.995 -8.809 -10.374 -11.301 -12.068 -12.720 -13.350 -14.002 
7.87879 -6.714 -7.862 -8.755 -10.141 -11.310 -11.781 -12.816 -13.480 -13.853 
8.08081 -6.744 -7.652 -8.642 -10.100 -11.407 -11.607 -12.492 -13.267 -13.858 
8.28283 -6.365 -7.512 -8.317 -10.046 -11.162 -11.352 -12.591 -13.279 -13.773 
8.48485 -6.453 -7.395 -8.335 -9.846 -11.056 -11.375 -12.429 -13.323 -13.871 
8.68687 -6.034 -7.231 -8.484 -9.888 -10.840 -11.266 -12.306 -13.093 -13.737 
8.88889 -5.871 -7.080 -7.998 -9.750 -10.719 -11.387 -12.191 -13.214 -13.610 
9.09091 -5.679 -6.911 -7.966 -9.441 -10.554 -10.961 -12.317 -13.120 -13.543 
9.29293 -5.542 -6.765 -7.761 -9.557 -10.281 -10.926 -12.197 -12.779 -13.467 
9.49495 -5.393 -6.677 -7.615 -9.000 -10.340 -11.199 -12.047 -12.868 -13.384 
9.69697 -5.215 -6.601 -7.364 -9.543 -10.186 -10.761 -11.938 -12.816 -13.336 
9.89899 -5.078 -6.427 -7.376 -8.980 -10.141 -10.514 -11.812 -12.790 -13.371 
10.10101 -4.935 -6.238 -7.180 -8.829 -10.085 -10.490 -11.775 -12.653 -13.279 
10.30303 -4.783 -6.074 -6.957 -9.047 -10.044 -10.368 -11.799 -12.758 -13.107 
10.50505 -4.666 -5.943 -7.139 -8.608 -9.768 -10.409 -11.466 -12.741 -13.194 
10.70707 -4.488 -5.850 -6.828 -8.516 -9.566 -10.026 -11.385 -12.530 -13.316 
10.90909 -4.397 -5.912 -7.120 -8.531 -9.639 -10.623 -11.506 -12.408 -13.029 
11.11111 -4.212 -5.868 -6.560 -8.009 -9.259 -10.052 -11.458 -12.324 -13.166 
11.31313 -4.078 -5.432 -6.499 -8.305 -9.516 -10.100 -11.118 -12.249 -13.228 
11.51515 -4.385 -5.393 -6.337 -8.317 -9.418 -9.690 -11.203 -12.226 -13.081 
11.71717 -3.723 -5.242 -6.225 -7.910 -9.088 -9.654 -10.988 -12.124 -12.916 
11.91919 -3.629 -5.120 -6.181 -7.888 -9.085 -9.841 -10.910 -12.113 -12.852 
12.12121 -3.435 -5.014 -6.133 -8.068 -9.296 -9.649 -10.854 -12.017 -12.807 
12.32323 -3.275 -5.053 -6.196 -7.716 -9.210 -9.492 -10.784 -12.150 -12.718 
12.52525 -3.100 -4.795 -6.144 -7.305 -8.822 -9.369 -10.718 -11.818 -12.613 
12.72727 -2.916 -4.915 -5.924 -7.829 -8.771 -9.165 -10.744 -11.768 -12.733 
12.92929 -4.205 -4.586 -5.583 -7.496 -8.495 -9.507 -10.627 -11.713 -12.648 
13.13131 -2.655 -4.499 -5.509 -6.893 -8.524 -9.093 -10.703 -11.784 -12.555 
13.33333 -2.480 -4.395 -5.543 -6.965 -8.397 -9.025 -10.307 -11.526 -12.584 
13.53535 -2.361 -4.335 -5.341 -6.975 -8.634 -8.980 -10.358 -11.762 -12.594 
13.73737 -2.250 -4.215 -5.392 -7.035 -8.410 -9.024 -10.281 -11.573 -12.397 
13.93939 -2.693 -4.151 -5.499 -7.064 -8.583 -8.916 -10.407 -11.591 -12.395 
14.14141 -2.008 -4.009 -5.174 -7.337 -8.082 -8.738 -10.183 -11.428 -12.396 
14.34343 -1.928 -3.939 -5.223 -7.150 -8.226 -8.608 -10.282 -11.445 -12.203 
14.54545 -1.837 -3.838 -5.262 -6.750 -7.858 -8.634 -10.031 -11.301 -12.099 
14.74747 -1.861 -4.400 -5.056 -6.614 -7.994 -8.625 -9.887 -11.346 -12.052 
14.94949 -1.659 -3.745 -4.835 -6.417 -7.700 -8.371 -9.916 -11.202 -12.024 
15.15152 -1.607 -3.602 -4.959 -6.422 -7.573 -8.329 -10.124 -11.277 -12.192 
15.35354 -1.548 -3.517 -4.701 -5.967 -7.481 -8.471 -9.753 -11.155 -12.045 
15.55556 -1.414 -3.452 -4.913 -6.254 -7.477 -8.252 -9.987 -11.284 -11.970 
15.75758 -1.322 -4.893 -4.614 -5.723 -7.048 -8.021 -9.688 -11.028 -11.978 
15.95960 -1.182 -3.705 -4.875 -6.554 -7.145 -8.064 -9.623 -10.907 -11.788 
16.16162 -1.193 -3.159 -4.397 -6.186 -7.577 -8.343 -9.548 -10.998 -11.954 
16.36364 -1.116 -3.823 -4.321 -5.564 -7.134 -8.163 -9.478 -10.976 -11.773 
16.56566 -0.984 -3.029 -4.672 -5.695 -7.451 -8.005 -9.282 -10.861 -11.714 
16.76768 -1.373 -2.884 -4.122 -5.361 -7.103 -8.038 -9.361 -10.786 -11.736 
16.96970 -0.680 -2.784 -3.976 -5.526 -7.236 -8.170 -9.463 -10.778 -11.662 
17.17172 -0.637 -3.484 -4.517 -5.531 -7.046 -7.719 -9.215 -10.639 -11.791 
17.37374 -3.331 -2.677 -4.347 -5.625 -7.219 -7.779 -9.265 -10.630 -11.489 
17.57576 -2.027 -2.607 -3.942 -5.633 -6.770 -7.609 -9.120 -10.537 -11.557 
17.77778 -0.191 -2.633 -3.649 -5.251 -6.725 -7.451 -8.917 -10.406 -11.408 
17.97980 -0.559 -2.277 -3.598 -5.371 -6.691 -7.575 -9.144 -10.442 -11.336 
18.18182 0.144 -2.192 -3.606 -5.265 -6.657 -7.693 -8.934 -10.402 -11.411 
18.38384 -0.162 -2.093 -4.087 -5.004 -6.375 -7.416 -8.865 -10.322 -11.350 
18.58586 0.369 -2.071 -3.217 -4.981 -6.402 -7.406 -8.826 -10.202 -11.178 
18.78788 0.398 -1.904 -3.270 -4.953 -6.489 -7.301 -8.872 -10.174 -11.137 
18.98990 0.447 -1.958 -3.517 -5.370 -6.558 -7.565 -8.840 -10.002 -11.254 
19.19192 0.756 -1.720 -3.066 -5.068 -6.580 -7.275 -8.756 -10.097 -11.184 
19.39394 0.868 -1.605 -3.005 -4.809 -6.144 -7.045 -8.653 -10.182 -11.105 
19.59596 1.070 -1.484 -3.058 -4.482 -6.130 -7.118 -8.665 -9.963 -10.990 
19.79798 1.031 -1.466 -2.758 -4.739 -6.382 -7.024 -8.489 -9.869 -10.980 
20.00000 1.112 -1.267 -2.615 -4.383 -6.179 -6.956 -8.431 -9.997 -10.980 
