# t[days] u g r i z y J H K
0.20202 60.044 76.258 23.309 27.524 nan nan nan nan nan 
0.40404 -12.720 -12.786 -11.560 -12.534 -13.528 -10.004 -13.769 -12.355 -11.845 
0.60606 -13.763 -13.528 -13.998 -13.973 -14.230 -14.293 -14.680 -13.360 -12.138 
0.80808 -13.784 -13.902 -14.101 -14.378 -14.777 -14.622 -14.667 -14.424 -14.450 
1.01010 -14.443 -14.268 -14.366 -14.734 -14.815 -15.068 -15.119 -14.651 -13.705 
1.21212 -14.332 -14.515 -14.624 -14.873 -15.324 -15.155 -14.967 -14.420 -13.950 
1.41414 -14.436 -14.469 -14.594 -14.728 -15.207 -15.251 -15.018 -14.462 -14.306 
1.61616 -14.016 -14.360 -14.565 -14.866 -15.161 -15.123 -15.101 -14.742 -14.049 
1.81818 -13.810 -14.209 -14.656 -14.923 -15.020 -15.293 -15.124 -14.552 -14.595 
2.02020 -13.897 -14.195 -14.600 -15.028 -15.171 -15.203 -15.154 -14.685 -14.528 
2.22222 -13.879 -14.242 -14.673 -14.932 -15.178 -15.321 -15.258 -14.936 -14.341 
2.42424 -13.247 -13.973 -14.577 -14.894 -15.249 -15.306 -15.324 -14.998 -14.780 
2.62626 -13.039 -14.003 -14.540 -14.960 -15.147 -15.244 -15.268 -15.002 -14.746 
2.82828 -13.039 -13.729 -14.480 -14.919 -15.267 -15.335 -15.317 -15.171 -14.734 
3.03030 -12.594 -13.635 -14.376 -14.917 -15.121 -15.294 -15.220 -15.081 -14.978 
3.23232 -12.303 -13.517 -14.377 -14.791 -15.100 -15.343 -15.382 -15.106 -14.927 
3.43434 -12.184 -13.295 -14.212 -14.917 -15.159 -15.290 -15.336 -15.188 -14.849 
3.63636 -12.036 -13.121 -14.117 -14.766 -15.117 -15.319 -15.308 -15.200 -14.886 
3.83838 -12.052 -13.018 -13.943 -14.665 -15.029 -15.245 -15.377 -15.270 -14.805 
4.04040 -11.284 -12.771 -13.946 -14.587 -14.966 -15.195 -15.313 -15.335 -14.888 
4.24242 -10.635 -12.487 -13.687 -14.472 -14.821 -15.031 -15.226 -15.202 -14.949 
4.44444 -11.146 -12.556 -13.619 -14.435 -14.821 -15.035 -15.280 -15.185 -15.024 
4.64646 -10.355 -12.196 -13.345 -14.184 -14.692 -14.934 -15.161 -15.127 -14.991 
4.84848 -10.589 -12.110 -13.366 -14.228 -14.692 -14.902 -15.102 -15.203 -14.987 
5.05051 -10.046 -11.834 -13.117 -14.078 -14.627 -14.906 -15.095 -15.198 -15.035 
5.25253 -9.890 -11.501 -12.999 -13.781 -14.378 -14.745 -14.958 -15.101 -15.124 
5.45455 -9.438 -11.593 -12.955 -13.785 -14.240 -14.677 -14.945 -15.033 -15.010 
5.65657 -8.609 -11.034 -12.619 -13.602 -14.162 -14.515 -14.875 -14.996 -14.824 
5.85859 -8.208 -11.060 -12.418 -13.484 -14.114 -14.414 -14.854 -15.051 -14.943 
6.06061 -8.413 -10.844 -12.342 -13.454 -13.963 -14.257 -14.733 -14.880 -14.925 
6.26263 -8.020 -10.347 -12.126 -13.267 -13.909 -14.209 -14.580 -14.844 -14.831 
6.46465 -8.293 -10.237 -12.034 -13.022 -13.646 -14.028 -14.550 -14.841 -14.822 
6.66667 -7.512 -9.957 -11.654 -12.906 -13.594 -14.030 -14.513 -14.716 -14.802 
6.86869 -7.568 -9.632 -11.824 -12.831 -13.579 -13.969 -14.336 -14.704 -14.673 
7.07071 -7.634 -9.666 -11.610 -12.614 -13.209 -13.739 -14.327 -14.632 -14.741 
7.27273 -6.467 -9.227 -11.404 -12.476 -13.228 -13.682 -14.279 -14.533 -14.631 
7.47475 -6.176 -9.036 -11.008 -12.500 -13.141 -13.553 -14.104 -14.454 -14.624 
7.67677 -5.843 -9.000 -10.984 -12.373 -13.001 -13.514 -14.012 -14.468 -14.677 
7.87879 -6.056 -8.947 -10.877 -12.158 -12.895 -13.557 -13.980 -14.351 -14.513 
8.08081 -5.687 -8.610 -10.798 -11.847 -12.874 -13.209 -13.852 -14.265 -14.403 
8.28283 -4.567 -8.573 -10.552 -11.856 -12.688 -13.029 -13.784 -14.180 -14.447 
8.48485 -5.284 -8.912 -10.354 -11.696 -12.666 -12.936 -13.655 -14.128 -14.456 
8.68687 -5.994 -8.216 -10.331 -11.477 -12.411 -12.936 -13.542 -14.058 -14.347 
8.88889 -5.379 -7.438 -10.066 -11.492 -12.374 -12.705 -13.551 -13.955 -14.235 
9.09091 -4.417 -7.281 -9.853 -11.433 -12.213 -12.645 -13.437 -13.887 -14.224 
9.29293 -2.843 -7.677 -9.730 -11.215 -11.933 -12.594 -13.358 -13.834 -14.199 
9.49495 -5.727 -7.645 -9.535 -10.935 -11.896 -12.433 -13.140 -13.773 -14.078 
9.69697 -2.647 -6.953 -9.450 -10.884 -11.971 -12.222 -13.127 -13.812 -14.076 
9.89899 -0.431 -7.272 -9.324 -10.841 -11.617 -12.223 -12.971 -13.568 -13.944 
10.10101 -3.544 -7.484 -9.258 -10.653 -11.543 -12.083 -12.879 -13.554 -13.923 
10.30303 -4.474 -6.067 -9.091 -10.563 -11.446 -12.144 -12.986 -13.613 -13.909 
10.50505 -3.446 -6.681 -9.021 -10.513 -11.416 -12.014 -12.954 -13.399 -13.879 
10.70707 -4.539 -6.562 -8.685 -10.231 -11.422 -11.925 -12.736 -13.479 -13.752 
10.90909 -4.142 -6.558 -8.262 -10.072 -10.935 -11.711 -12.669 -13.360 -13.689 
11.11111 -2.688 -5.818 -8.912 -10.061 -10.931 -11.670 -12.699 -13.220 -13.643 
11.31313 -5.079 -6.023 -8.345 -9.842 -10.770 -11.462 -12.428 -13.233 -13.579 
11.51515 -3.889 -5.918 -8.145 -9.578 -10.702 -11.227 -12.356 -13.089 -13.551 
11.71717 -4.764 -6.172 -8.172 -9.530 -10.559 -11.172 -12.278 -12.993 -13.464 
11.91919 -3.660 -4.590 -7.370 -9.252 -10.585 -11.137 -12.088 -12.959 -13.426 
12.12121 3.655 -4.834 -7.594 -9.285 -10.512 -11.248 -12.025 -12.968 -13.350 
12.32323 -1.829 -4.450 -7.500 -9.190 -10.413 -11.014 -12.016 -12.827 -13.497 
12.52525 3.696 -4.958 -7.512 -8.899 -10.363 -10.888 -11.892 -12.739 -13.279 
12.72727 2.215 -4.845 -6.983 -8.901 -10.194 -10.758 -11.826 -12.714 -13.260 
12.92929 1.521 -3.742 -6.754 -8.869 -9.890 -10.573 -11.749 -12.584 -13.170 
13.13131 -3.726 -3.310 -6.771 -8.850 -9.896 -10.675 -11.701 -12.554 -13.145 
13.33333 -2.303 -3.961 -6.418 -8.642 -9.798 -10.745 -11.559 -12.562 -13.161 
13.53535 -3.336 -3.577 -6.459 -8.239 -9.716 -10.281 -11.566 -12.456 -13.012 
13.73737 -3.461 -3.747 -6.506 -8.749 -9.512 -10.197 -11.418 -12.529 -13.033 
13.93939 -2.056 -3.931 -6.410 -8.540 -9.405 -10.189 -11.320 -12.296 -12.941 
14.14141 -3.536 -3.766 -6.044 -8.019 -9.310 -9.969 -11.494 -12.318 -12.861 
14.34343 -4.182 -3.534 -5.883 -7.845 -9.155 -9.755 -11.079 -12.075 -12.924 
14.54545 -0.862 -3.700 -5.944 -7.709 -8.865 -9.695 -11.162 -12.059 -12.867 
14.74747 2.623 -2.470 -5.839 -7.912 -8.939 -9.771 -10.963 -11.956 -12.843 
14.94949 5.656 -3.415 -5.645 -7.497 -8.943 -9.664 -10.925 -11.891 -12.764 
15.15152 6.289 -3.271 -5.179 -7.680 -8.569 -9.379 -10.716 -11.881 -12.709 
15.35354 -0.747 -4.152 -5.143 -7.560 -8.560 -9.413 -10.724 -11.832 -12.609 
15.55556 -0.889 -3.599 -5.455 -7.416 -8.937 -9.222 -10.792 -11.798 -12.587 
15.75758 6.804 -3.912 -5.258 -7.256 -8.512 -9.118 -10.523 -11.881 -12.525 
15.95960 8.023 -3.391 -4.866 -7.249 -8.346 -9.130 -10.619 -11.913 -12.431 
16.16162 -2.327 -1.127 -4.959 -7.064 -8.142 -9.017 -10.429 -11.637 -12.471 
16.36364 0.280 -0.799 -5.870 -6.761 -7.728 -8.752 -10.340 -11.588 -12.349 
16.56566 -3.532 -3.052 -4.462 -6.623 -8.301 -8.946 -10.342 -11.414 -12.284 
16.76768 7.742 -2.641 -4.598 -6.761 -8.024 -8.899 -10.235 -11.378 -12.278 
16.96970 -2.912 -1.689 -3.875 -7.223 -7.732 -8.720 -10.155 -11.320 -12.204 
17.17172 -2.354 -1.726 -4.630 -6.443 -8.418 -9.314 -10.119 -11.325 -12.192 
17.37374 -2.893 -2.511 -4.553 -6.332 -7.657 -9.184 -9.919 -11.344 -12.105 
17.57576 0.962 -0.472 -5.251 -6.125 -7.876 -8.618 -10.092 -11.197 -12.116 
17.77778 -1.912 -4.354 -3.842 -5.465 -7.419 -8.174 -9.820 -11.132 -12.024 
17.97980 9.388 -1.868 -3.695 -6.045 -7.151 -8.378 -9.783 -11.160 -11.960 
18.18182 -3.113 1.821 -3.892 -6.834 -7.521 -8.136 -9.658 -11.110 -11.814 
18.38384 8.265 0.357 -4.344 -5.831 -7.113 -8.080 -9.703 -10.894 -11.954 
18.58586 -2.682 -2.681 -3.764 -5.548 -6.764 -7.832 -9.543 -10.857 -11.846 
18.78788 -2.543 -1.562 -3.386 -5.612 -6.735 -7.694 -9.514 -10.873 -11.681 
18.98990 19.457 -1.323 -3.632 -5.835 -6.725 -7.745 -9.344 -10.739 -11.651 
19.19192 -2.276 -0.091 -2.170 -5.367 -6.667 -7.408 -9.246 -10.667 -11.620 
19.39394 7.399 1.608 -2.919 -5.693 -6.680 -7.081 -9.174 -10.619 -11.649 
19.59596 -1.646 -0.083 -1.957 -5.130 -6.567 -7.400 -9.121 -10.570 -11.603 
19.79798 -2.470 0.662 -3.815 -4.127 -6.372 -7.600 -9.147 -10.487 -11.447 
20.00000 8.112 -0.677 -2.925 -4.844 -6.078 -7.005 -8.959 -10.281 -11.433 
