# t[days] u g r i z y J H K
0.20202 -11.452 -9.401 -9.794 -8.947 -11.875 -10.977 -11.001 -6.074 -5.465 
0.40404 -13.277 -13.416 -13.678 -13.829 -14.167 -14.185 -13.609 -13.468 -12.149 
0.60606 -13.544 -13.979 -14.285 -14.650 -15.044 -15.185 -14.632 -14.188 -13.738 
0.80808 -13.855 -14.416 -14.762 -15.173 -15.515 -15.619 -15.104 -14.850 -14.345 
1.01010 -13.771 -14.308 -14.814 -15.311 -15.523 -15.639 -15.285 -15.117 -14.832 
1.21212 -13.684 -14.319 -14.782 -15.323 -15.661 -15.790 -15.525 -14.751 -14.536 
1.41414 -13.637 -14.364 -14.830 -15.316 -15.520 -15.675 -15.473 -15.203 -14.739 
1.61616 -13.396 -13.980 -14.662 -15.174 -15.541 -15.594 -15.469 -15.213 -14.782 
1.81818 -12.920 -13.887 -14.561 -15.162 -15.409 -15.571 -15.380 -15.094 -14.782 
2.02020 -12.638 -13.653 -14.372 -14.948 -15.371 -15.419 -15.319 -15.144 -14.813 
2.22222 -12.256 -13.384 -14.182 -14.835 -15.191 -15.350 -15.221 -15.134 -14.764 
2.42424 -12.214 -13.256 -14.139 -14.751 -15.161 -15.277 -15.263 -15.029 -14.728 
2.62626 -11.737 -13.161 -13.971 -14.573 -15.034 -15.177 -15.146 -14.934 -14.785 
2.82828 -11.543 -12.890 -13.811 -14.516 -14.894 -15.062 -15.044 -14.992 -14.632 
3.03030 -11.061 -12.596 -13.577 -14.270 -14.745 -14.934 -15.006 -14.763 -14.702 
3.23232 -10.430 -12.428 -13.464 -14.185 -14.639 -14.866 -14.877 -14.841 -14.545 
3.43434 -10.386 -12.174 -13.287 -14.060 -14.468 -14.739 -14.712 -14.753 -14.533 
3.63636 -9.834 -11.835 -13.072 -13.870 -14.312 -14.470 -14.633 -14.618 -14.538 
3.83838 -9.422 -11.545 -12.819 -13.715 -14.242 -14.421 -14.621 -14.605 -14.442 
4.04040 -9.017 -11.359 -12.612 -13.591 -14.048 -14.250 -14.465 -14.455 -14.460 
4.24242 -8.810 -11.008 -12.396 -13.414 -13.863 -14.110 -14.299 -14.428 -14.285 
4.44444 -8.376 -10.672 -12.220 -13.084 -13.655 -13.948 -14.200 -14.301 -14.295 
4.64646 -8.394 -10.537 -11.989 -13.049 -13.645 -13.887 -14.051 -14.194 -14.164 
4.84848 -7.563 -10.151 -11.783 -12.880 -13.405 -13.775 -13.914 -14.100 -14.153 
5.05051 -7.199 -9.762 -11.601 -12.673 -13.311 -13.524 -13.856 -14.018 -13.977 
5.25253 -6.729 -9.701 -11.355 -12.509 -13.139 -13.392 -13.745 -13.911 -14.042 
5.45455 -6.217 -9.433 -11.243 -12.338 -12.993 -13.305 -13.594 -13.794 -13.951 
5.65657 -6.638 -9.166 -11.032 -12.139 -12.808 -13.092 -13.473 -13.710 -13.956 
5.85859 -5.632 -9.101 -10.919 -12.050 -12.678 -13.024 -13.353 -13.636 -13.759 
6.06061 -5.133 -8.674 -10.651 -11.910 -12.671 -12.891 -13.305 -13.528 -13.707 
6.26263 -5.676 -8.604 -10.527 -11.776 -12.503 -12.781 -13.109 -13.448 -13.654 
6.46465 -5.228 -8.427 -10.281 -11.586 -12.347 -12.663 -13.024 -13.396 -13.499 
6.66667 -4.684 -7.914 -10.158 -11.510 -12.113 -12.542 -12.918 -13.257 -13.476 
6.86869 -4.927 -7.667 -10.011 -11.362 -12.039 -12.416 -12.871 -13.230 -13.482 
7.07071 -3.656 -7.648 -9.810 -11.168 -11.991 -12.386 -12.815 -13.224 -13.383 
7.27273 -3.696 -7.164 -9.648 -11.158 -11.883 -12.231 -12.662 -13.123 -13.273 
7.47475 -3.920 -7.082 -9.494 -10.977 -11.782 -12.151 -12.568 -12.965 -13.260 
7.67677 -3.676 -7.372 -9.433 -10.916 -11.747 -12.078 -12.489 -12.939 -13.155 
7.87879 -4.507 -6.726 -9.238 -10.760 -11.551 -11.918 -12.410 -12.840 -13.104 
8.08081 -2.970 -6.636 -9.093 -10.681 -11.494 -11.941 -12.346 -12.766 -13.048 
8.28283 -2.470 -6.537 -8.979 -10.568 -11.511 -11.815 -12.286 -12.721 -13.023 
8.48485 -4.196 -6.199 -8.820 -10.475 -11.381 -11.688 -12.216 -12.688 -12.980 
8.68687 -2.167 -6.112 -8.779 -10.496 -11.244 -11.583 -12.126 -12.623 -12.871 
8.88889 -1.733 -6.123 -8.634 -10.273 -11.215 -11.633 -12.006 -12.561 -12.788 
9.09091 -1.673 -5.730 -8.470 -10.211 -11.137 -11.470 -11.972 -12.461 -12.830 
9.29293 -1.591 -5.560 -8.316 -10.056 -11.047 -11.391 -11.942 -12.410 -12.779 
9.49495 -1.830 -5.176 -8.180 -10.014 -10.913 -11.359 -11.865 -12.330 -12.659 
9.69697 -1.167 -5.112 -8.111 -9.829 -10.795 -11.280 -11.788 -12.217 -12.678 
9.89899 -2.364 -5.412 -8.085 -9.852 -10.727 -11.180 -11.675 -12.251 -12.582 
10.10101 -1.305 -4.839 -7.900 -9.722 -10.586 -11.042 -11.661 -12.139 -12.567 
10.30303 -0.484 -5.028 -7.720 -9.602 -10.535 -10.948 -11.564 -12.067 -12.450 
10.50505 -3.107 -4.662 -7.798 -9.533 -10.485 -10.960 -11.475 -12.046 -12.449 
10.70707 -1.914 -4.689 -7.483 -9.424 -10.396 -10.868 -11.426 -11.976 -12.416 
10.90909 -2.945 -4.336 -7.349 -9.302 -10.318 -10.812 -11.340 -11.886 -12.358 
11.11111 0.374 -3.787 -7.495 -9.330 -10.222 -10.767 -11.295 -11.862 -12.274 
11.31313 0.081 -3.659 -7.097 -9.200 -10.138 -10.674 -11.212 -11.776 -12.262 
11.51515 0.569 -3.970 -7.101 -9.078 -10.123 -10.577 -11.119 -11.721 -12.195 
11.71717 1.087 -3.642 -7.028 -9.001 -10.052 -10.476 -11.101 -11.655 -12.101 
11.91919 1.189 -3.587 -7.040 -8.846 -9.919 -10.326 -11.001 -11.632 -11.990 
12.12121 0.532 -3.323 -6.952 -8.859 -9.798 -10.244 -10.961 -11.557 -12.045 
12.32323 1.578 -3.274 -6.834 -8.759 -9.761 -10.126 -10.840 -11.540 -12.026 
12.52525 0.461 -3.340 -6.702 -8.724 -9.611 -10.111 -10.806 -11.465 -11.893 
12.72727 -1.380 -3.261 -6.592 -8.568 -9.627 -10.043 -10.728 -11.352 -11.884 
12.92929 2.226 -3.255 -6.560 -8.484 -9.535 -10.034 -10.660 -11.335 -11.850 
13.13131 2.471 -2.849 -6.330 -8.387 -9.507 -9.848 -10.587 -11.281 -11.828 
13.33333 2.697 -2.897 -6.302 -8.321 -9.372 -9.839 -10.521 -11.271 -11.733 
13.53535 2.847 -3.149 -6.332 -8.203 -9.307 -9.737 -10.478 -11.214 -11.712 
13.73737 2.967 -2.323 -6.055 -8.134 -9.170 -9.648 -10.458 -11.167 -11.625 
13.93939 -1.374 -2.459 -6.133 -8.150 -9.186 -9.638 -10.353 -11.008 -11.580 
14.14141 1.327 -2.911 -5.940 -8.046 -9.088 -9.524 -10.308 -10.957 -11.558 
14.34343 3.716 -1.895 -5.845 -7.950 -9.012 -9.571 -10.240 -10.924 -11.549 
14.54545 -1.153 -1.582 -5.763 -7.805 -8.894 -9.430 -10.165 -10.941 -11.481 
14.74747 3.772 -1.906 -5.633 -7.773 -8.892 -9.365 -10.148 -10.878 -11.446 
14.94949 4.205 -1.498 -5.491 -7.609 -8.765 -9.171 -10.046 -10.793 -11.423 
15.15152 4.387 -1.551 -5.574 -7.548 -8.663 -9.171 -9.929 -10.767 -11.298 
15.35354 4.183 -1.394 -5.426 -7.441 -8.548 -9.086 -9.964 -10.718 -11.257 
15.55556 4.202 -1.713 -5.251 -7.459 -8.605 -9.007 -9.884 -10.704 -11.282 
15.75758 -1.210 -1.597 -5.252 -7.460 -8.430 -9.051 -9.875 -10.654 -11.140 
15.95960 4.985 -1.271 -5.143 -7.184 -8.388 -8.984 -9.805 -10.563 -11.194 
16.16162 5.214 -0.984 -5.104 -7.231 -8.258 -8.916 -9.684 -10.546 -11.144 
16.36364 -2.032 -1.094 -5.149 -7.098 -8.231 -8.844 -9.674 -10.466 -11.072 
16.56566 5.144 -0.910 -5.055 -7.330 -8.216 -8.846 -9.649 -10.451 -11.017 
16.76768 5.548 -0.851 -4.839 -6.956 -8.176 -8.721 -9.613 -10.394 -10.993 
16.96970 5.799 -0.900 -4.592 -7.042 -8.157 -8.576 -9.468 -10.360 -10.952 
17.17172 5.302 -0.602 -4.647 -6.902 -8.056 -8.550 -9.462 -10.316 -10.882 
17.37374 6.227 -0.507 -4.744 -6.848 -7.937 -8.538 -9.469 -10.307 -10.858 
17.57576 5.342 -0.913 -4.611 -6.785 -7.863 -8.536 -9.426 -10.211 -10.804 
17.77778 6.228 -0.459 -4.088 -6.656 -7.729 -8.347 -9.269 -10.179 -10.763 
17.97980 3.191 -0.975 -4.171 -6.804 -7.761 -8.316 -9.299 -10.180 -10.772 
18.18182 -1.008 -0.165 -4.415 -6.522 -7.733 -8.356 -9.247 -10.120 -10.745 
18.38384 7.205 0.555 -4.170 -6.436 -7.705 -8.196 -9.207 -10.062 -10.762 
18.58586 -1.967 0.230 -4.038 -6.388 -7.605 -7.987 -9.136 -10.003 -10.679 
18.78788 6.793 -0.502 -3.849 -6.512 -7.554 -8.124 -9.070 -9.929 -10.643 
18.98990 7.409 0.150 -4.063 -6.255 -7.373 -8.019 -9.043 -9.936 -10.591 
19.19192 -1.465 0.268 -4.214 -6.199 -7.370 -7.902 -8.981 -9.831 -10.547 
19.39394 7.129 0.556 -3.772 -6.265 -7.496 -7.853 -8.903 -9.851 -10.452 
19.59596 4.950 0.563 -3.573 -6.120 -7.375 -7.824 -8.922 -9.791 -10.322 
19.79798 7.662 -0.126 -3.255 -5.702 -6.893 -7.740 -8.676 -9.565 -10.283 
20.00000 6.157 0.280 -2.971 -5.565 -6.849 -7.520 -8.490 -9.462 -10.097 
