# t[days] u g r i z y J H K
0.20202 62.208 11.850 nan nan nan nan nan nan nan 
0.40404 -11.402 -12.817 -13.282 -12.523 -13.796 -13.603 -14.033 -12.601 -11.525 
0.60606 -13.246 -14.065 -14.338 -14.981 -15.014 -14.892 -15.260 -14.204 -13.893 
0.80808 -14.485 -14.755 -14.776 -15.439 -15.452 -15.710 -15.179 -14.780 -14.218 
1.01010 -14.809 -14.698 -15.327 -15.801 -16.027 -16.003 -15.890 -15.566 -14.591 
1.21212 -14.863 -15.038 -15.562 -15.904 -16.046 -16.169 -15.927 -15.559 -15.259 
1.41414 -14.919 -15.111 -15.509 -15.919 -16.260 -16.392 -16.147 -15.761 -15.478 
1.61616 -14.611 -14.900 -15.323 -15.796 -16.140 -16.324 -16.049 -15.616 -15.323 
1.81818 -14.555 -14.927 -15.271 -15.738 -16.137 -16.269 -16.175 -15.772 -15.229 
2.02020 -14.536 -15.053 -15.407 -15.880 -16.206 -16.368 -16.163 -15.722 -15.552 
2.22222 -14.345 -14.892 -15.373 -15.810 -16.098 -16.269 -16.121 -15.869 -15.504 
2.42424 -14.037 -14.702 -15.238 -15.712 -16.180 -16.270 -16.176 -15.889 -15.437 
2.62626 -13.914 -14.747 -15.264 -15.755 -16.139 -16.254 -16.073 -15.766 -15.443 
2.82828 -14.085 -14.764 -15.268 -15.743 -16.138 -16.226 -16.245 -15.946 -15.674 
3.03030 -13.481 -14.422 -15.174 -15.568 -16.040 -16.250 -16.118 -15.899 -15.571 
3.23232 -13.266 -14.294 -15.003 -15.512 -15.882 -16.122 -16.076 -15.940 -15.600 
3.43434 -13.250 -14.163 -14.868 -15.543 -15.974 -16.096 -16.091 -15.891 -15.565 
3.63636 -12.801 -13.932 -14.826 -15.422 -15.817 -16.032 -16.071 -15.893 -15.616 
3.83838 -12.571 -13.952 -14.856 -15.325 -15.806 -15.953 -16.014 -15.967 -15.527 
4.04040 -12.405 -13.949 -14.666 -15.252 -15.756 -15.939 -15.986 -15.887 -15.627 
4.24242 -12.354 -13.644 -14.575 -15.239 -15.671 -15.875 -15.987 -15.862 -15.553 
4.44444 -11.796 -13.389 -14.401 -15.119 -15.559 -15.803 -15.892 -15.869 -15.602 
4.64646 -11.735 -13.110 -14.191 -14.977 -15.404 -15.756 -15.768 -15.666 -15.519 
4.84848 -11.214 -13.051 -14.103 -14.869 -15.397 -15.716 -15.748 -15.808 -15.616 
5.05051 -11.055 -12.835 -14.001 -14.789 -15.360 -15.580 -15.699 -15.695 -15.603 
5.25253 -10.817 -12.751 -13.977 -14.774 -15.265 -15.532 -15.756 -15.639 -15.466 
5.45455 -10.394 -12.643 -13.761 -14.585 -15.131 -15.464 -15.610 -15.684 -15.544 
5.65657 -10.129 -12.181 -13.634 -14.561 -15.073 -15.385 -15.604 -15.635 -15.536 
5.85859 -9.800 -12.117 -13.482 -14.454 -14.988 -15.273 -15.482 -15.530 -15.510 
6.06061 -9.546 -11.762 -13.312 -14.243 -14.901 -15.232 -15.395 -15.514 -15.495 
6.26263 -9.483 -11.633 -13.201 -14.105 -14.755 -15.042 -15.312 -15.392 -15.460 
6.46465 -8.634 -11.501 -12.979 -13.958 -14.621 -15.016 -15.271 -15.411 -15.416 
6.66667 -9.439 -11.388 -12.970 -13.869 -14.544 -14.941 -15.198 -15.320 -15.367 
6.86869 -8.336 -10.961 -12.672 -13.688 -14.553 -14.758 -15.156 -15.284 -15.182 
7.07071 -9.117 -10.694 -12.561 -13.604 -14.312 -14.624 -15.034 -15.211 -15.250 
7.27273 -7.971 -10.605 -12.318 -13.467 -14.191 -14.618 -14.966 -15.177 -15.170 
7.47475 -7.956 -10.383 -12.301 -13.435 -14.181 -14.509 -14.890 -15.104 -15.135 
7.67677 -7.733 -10.425 -12.268 -13.345 -13.996 -14.442 -14.796 -15.068 -15.123 
7.87879 -6.758 -10.070 -11.993 -13.224 -13.920 -14.227 -14.756 -14.993 -15.050 
8.08081 -6.874 -9.731 -11.911 -13.090 -13.759 -14.277 -14.671 -14.928 -15.082 
8.28283 -6.199 -9.727 -11.703 -12.909 -13.763 -14.079 -14.550 -14.891 -14.911 
8.48485 -6.261 -9.522 -11.572 -12.733 -13.641 -14.037 -14.513 -14.840 -14.953 
8.68687 -6.755 -9.047 -11.320 -12.640 -13.446 -13.895 -14.392 -14.732 -14.782 
8.88889 -5.621 -8.877 -11.107 -12.619 -13.409 -13.888 -14.393 -14.597 -14.852 
9.09091 -6.110 -9.012 -10.895 -12.459 -13.299 -13.707 -14.308 -14.616 -14.703 
9.29293 -5.518 -8.533 -10.922 -12.286 -13.134 -13.682 -14.093 -14.560 -14.716 
9.49495 -5.461 -8.143 -10.570 -12.275 -13.074 -13.549 -14.036 -14.432 -14.755 
9.69697 -5.189 -8.383 -10.594 -12.157 -13.173 -13.486 -13.993 -14.461 -14.633 
9.89899 -4.209 -8.162 -10.533 -11.992 -13.034 -13.447 -13.966 -14.382 -14.587 
10.10101 -5.019 -7.649 -10.177 -11.843 -12.787 -13.345 -13.880 -14.298 -14.539 
10.30303 -4.819 -7.812 -10.347 -11.716 -12.701 -13.166 -13.800 -14.239 -14.468 
10.50505 -5.108 -7.403 -9.820 -11.602 -12.575 -13.090 -13.710 -14.192 -14.413 
10.70707 -4.148 -7.306 -9.788 -11.447 -12.448 -12.961 -13.648 -14.151 -14.420 
10.90909 -5.419 -6.865 -9.648 -11.374 -12.427 -12.951 -13.583 -14.047 -14.315 
11.11111 -5.091 -7.997 -9.640 -11.246 -12.354 -12.782 -13.499 -13.987 -14.410 
11.31313 -4.253 -6.896 -9.706 -11.139 -12.111 -12.631 -13.466 -13.910 -14.270 
11.51515 -4.316 -6.515 -9.211 -11.036 -12.025 -12.611 -13.370 -13.947 -14.182 
11.71717 -5.240 -6.453 -9.173 -10.840 -11.998 -12.551 -13.293 -13.801 -14.141 
11.91919 -2.600 -6.221 -8.923 -10.855 -11.991 -12.567 -13.202 -13.833 -14.142 
12.12121 -2.457 -6.282 -8.861 -10.670 -11.917 -12.522 -13.188 -13.761 -14.095 
12.32323 -2.729 -6.177 -8.876 -10.669 -11.851 -12.356 -13.013 -13.657 -14.027 
12.52525 -2.333 -5.919 -8.869 -10.708 -11.825 -12.324 -13.015 -13.628 -13.991 
12.72727 -2.930 -6.245 -8.666 -10.617 -11.609 -12.237 -12.952 -13.569 -13.928 
12.92929 -2.009 -5.508 -8.789 -10.423 -11.594 -12.117 -12.880 -13.608 -13.907 
13.13131 -2.003 -4.996 -8.371 -10.500 -11.820 -12.104 -12.851 -13.485 -13.891 
13.33333 -2.096 -5.307 -8.339 -10.204 -11.370 -12.032 -12.778 -13.454 -13.829 
13.53535 -3.232 -5.196 -8.172 -10.224 -11.390 -12.060 -12.815 -13.388 -13.805 
13.73737 -3.902 -4.519 -8.594 -10.062 -11.224 -11.953 -12.675 -13.320 -13.733 
13.93939 -1.500 -5.299 -7.997 -9.938 -11.240 -11.946 -12.585 -13.294 -13.708 
14.14141 -1.983 -4.453 -7.678 -9.940 -11.212 -11.825 -12.569 -13.284 -13.682 
14.34343 -1.231 -4.389 -7.661 -9.878 -11.074 -11.766 -12.507 -13.211 -13.637 
14.54545 -1.167 -5.129 -7.465 -9.778 -11.071 -11.695 -12.512 -13.193 -13.582 
14.74747 -1.016 -4.863 -7.608 -9.717 -11.004 -11.577 -12.503 -13.077 -13.545 
14.94949 -1.831 -4.322 -7.410 -9.490 -10.849 -11.511 -12.436 -13.058 -13.585 
15.15152 -5.100 -4.244 -7.330 -9.544 -10.882 -11.455 -12.327 -12.975 -13.476 
15.35354 -0.692 -4.414 -7.292 -9.464 -10.750 -11.553 -12.246 -12.986 -13.484 
15.55556 -3.880 -4.194 -7.098 -9.440 -10.640 -11.507 -12.233 -12.916 -13.407 
15.75758 -0.299 -4.337 -7.357 -9.315 -10.740 -11.335 -12.188 -12.900 -13.347 
15.95960 -2.782 -4.162 -7.084 -9.348 -10.628 -11.260 -12.140 -12.872 -13.356 
16.16162 -0.006 -4.320 -6.990 -9.275 -10.495 -11.266 -12.080 -12.772 -13.373 
16.36364 0.197 -4.024 -6.885 -9.202 -10.455 -11.204 -11.960 -12.741 -13.268 
16.56566 0.358 -3.890 -6.590 -9.063 -10.400 -11.143 -11.944 -12.693 -13.277 
16.76768 0.506 -2.473 -6.712 -8.919 -10.320 -11.024 -11.874 -12.656 -13.246 
16.96970 -1.105 -3.780 -6.463 -8.952 -10.349 -11.026 -11.811 -12.705 -13.240 
17.17172 0.716 -3.224 -6.479 -8.776 -10.171 -10.912 -11.832 -12.610 -13.141 
17.37374 -3.507 -3.582 -6.370 -8.792 -10.180 -10.759 -11.774 -12.647 -12.991 
17.57576 1.057 -4.044 -6.180 -8.709 -10.182 -10.790 -11.713 -12.521 -13.062 
17.77778 -3.782 -2.166 -6.235 -8.649 -10.146 -10.809 -11.638 -12.473 -13.012 
17.97980 0.787 -3.039 -6.256 -8.385 -9.936 -10.631 -11.526 -12.372 -12.988 
18.18182 -0.381 -2.209 -6.213 -8.428 -9.794 -10.582 -11.549 -12.355 -12.915 
18.38384 -0.798 -2.278 -5.990 -8.452 -9.848 -10.591 -11.539 -12.298 -12.931 
18.58586 -2.232 -1.691 -6.036 -8.241 -9.800 -10.535 -11.436 -12.266 -12.831 
18.78788 -3.220 -2.346 -5.893 -8.352 -9.719 -10.607 -11.389 -12.208 -12.792 
18.98990 -1.725 -1.829 -5.683 -8.100 -9.527 -10.322 -11.316 -12.166 -12.790 
19.19192 2.045 -1.351 -5.204 -8.176 -9.599 -10.257 -11.263 -12.112 -12.754 
19.39394 -3.677 -2.219 -5.495 -8.018 -9.375 -10.222 -11.149 -12.029 -12.649 
19.59596 2.290 -2.922 -5.254 -7.849 -9.408 -10.209 -11.165 -11.946 -12.585 
19.79798 -2.935 -3.047 -5.376 -7.702 -9.320 -10.091 -11.018 -11.885 -12.477 
20.00000 2.450 -1.416 -4.729 -7.599 -9.176 -9.915 -10.899 -11.875 -12.437 
