# t[days] u g r i z y J H K
0.20202 -11.094 -9.684 -10.152 -9.841 -11.088 -10.298 -11.172 -8.503 -5.559 
0.40404 -12.905 -12.827 -13.802 -14.597 -14.818 -14.589 -14.329 -13.703 -12.702 
0.60606 -14.193 -14.343 -14.727 -15.148 -15.374 -15.347 -15.123 -14.638 -14.141 
0.80808 -14.166 -14.569 -15.030 -15.431 -15.720 -15.815 -15.421 -15.048 -14.626 
1.01010 -14.117 -14.619 -15.057 -15.550 -15.842 -15.944 -15.559 -15.146 -14.817 
1.21212 -14.135 -14.594 -15.172 -15.597 -15.896 -15.928 -15.681 -15.350 -14.943 
1.41414 -13.845 -14.535 -15.073 -15.548 -15.907 -15.981 -15.715 -15.456 -14.955 
1.61616 -13.625 -14.423 -15.041 -15.523 -15.860 -15.906 -15.653 -15.414 -14.948 
1.81818 -13.166 -14.252 -14.896 -15.449 -15.785 -15.833 -15.613 -15.366 -14.938 
2.02020 -12.836 -14.040 -14.799 -15.384 -15.716 -15.739 -15.648 -15.338 -14.945 
2.22222 -12.719 -13.897 -14.634 -15.230 -15.562 -15.647 -15.483 -15.350 -14.841 
2.42424 -12.247 -13.529 -14.440 -15.079 -15.404 -15.494 -15.428 -15.209 -14.946 
2.62626 -11.644 -13.241 -14.258 -14.857 -15.279 -15.348 -15.264 -15.112 -14.784 
2.82828 -11.299 -12.872 -14.008 -14.684 -15.080 -15.131 -15.197 -15.081 -14.798 
3.03030 -11.041 -12.696 -13.825 -14.521 -14.924 -15.020 -15.072 -14.973 -14.727 
3.23232 -10.420 -12.380 -13.644 -14.362 -14.763 -14.818 -14.909 -14.836 -14.641 
3.43434 -9.840 -12.028 -13.429 -14.150 -14.533 -14.635 -14.741 -14.770 -14.595 
3.63636 -9.509 -11.702 -13.073 -13.997 -14.354 -14.480 -14.620 -14.590 -14.528 
3.83838 -8.981 -11.356 -12.942 -13.749 -14.149 -14.251 -14.424 -14.500 -14.453 
4.04040 -8.575 -11.159 -12.625 -13.546 -14.001 -14.108 -14.279 -14.424 -14.353 
4.24242 -8.175 -10.870 -12.385 -13.298 -13.782 -13.922 -14.137 -14.321 -14.188 
4.44444 -7.680 -10.513 -12.045 -13.076 -13.572 -13.776 -13.996 -14.179 -14.202 
4.64646 -7.359 -10.124 -11.849 -12.844 -13.456 -13.574 -13.824 -14.068 -14.134 
4.84848 -6.319 -9.858 -11.657 -12.712 -13.210 -13.420 -13.733 -13.906 -14.010 
5.05051 -5.913 -9.597 -11.404 -12.539 -13.033 -13.292 -13.540 -13.823 -13.886 
5.25253 -5.823 -9.255 -11.148 -12.345 -12.864 -13.070 -13.487 -13.729 -13.841 
5.45455 -5.440 -9.033 -11.060 -12.117 -12.718 -12.997 -13.267 -13.610 -13.761 
5.65657 -5.931 -8.719 -10.817 -12.014 -12.627 -12.804 -13.210 -13.544 -13.640 
5.85859 -4.960 -8.606 -10.660 -11.898 -12.452 -12.671 -13.089 -13.426 -13.578 
6.06061 -3.805 -8.261 -10.353 -11.706 -12.285 -12.556 -12.938 -13.362 -13.496 
6.26263 -4.395 -8.036 -10.173 -11.490 -12.188 -12.436 -12.823 -13.246 -13.406 
6.46465 -4.138 -7.753 -10.063 -11.325 -12.028 -12.285 -12.686 -13.185 -13.365 
6.66667 -3.340 -7.552 -9.851 -11.243 -11.857 -12.130 -12.629 -13.085 -13.292 
6.86869 -2.694 -7.357 -9.771 -11.058 -11.781 -12.074 -12.513 -13.015 -13.293 
7.07071 -4.015 -7.053 -9.726 -10.931 -11.635 -11.923 -12.401 -12.936 -13.199 
7.27273 -1.747 -6.922 -9.442 -10.799 -11.531 -11.837 -12.344 -12.866 -13.099 
7.47475 -3.534 -6.626 -9.222 -10.728 -11.391 -11.676 -12.104 -12.724 -13.094 
7.67677 -2.472 -6.538 -9.139 -10.637 -11.305 -11.532 -12.093 -12.656 -12.889 
7.87879 -1.270 -7.049 -9.094 -10.455 -11.069 -11.422 -11.990 -12.573 -12.874 
8.08081 -0.702 -5.910 -8.719 -10.311 -11.080 -11.319 -11.909 -12.501 -12.878 
8.28283 -1.117 -5.783 -8.646 -10.276 -10.965 -11.281 -11.808 -12.407 -12.796 
8.48485 -0.774 -5.686 -8.541 -10.072 -10.741 -11.080 -11.691 -12.329 -12.704 
8.68687 0.138 -5.803 -8.354 -9.936 -10.650 -10.947 -11.575 -12.275 -12.673 
8.88889 -0.295 -5.491 -8.186 -9.815 -10.538 -10.876 -11.489 -12.164 -12.572 
9.09091 -0.198 -5.354 -8.066 -9.662 -10.431 -10.786 -11.438 -12.085 -12.545 
9.29293 0.885 -4.892 -8.076 -9.660 -10.284 -10.691 -11.239 -11.992 -12.448 
9.49495 -1.047 -4.717 -7.909 -9.421 -10.225 -10.521 -11.246 -11.893 -12.429 
9.69697 1.528 -4.763 -7.678 -9.374 -10.129 -10.441 -11.087 -11.839 -12.333 
9.89899 0.999 -4.493 -7.684 -9.247 -9.964 -10.345 -11.001 -11.783 -12.290 
10.10101 -1.917 -4.436 -7.550 -9.056 -9.898 -10.318 -10.949 -11.748 -12.243 
10.30303 1.855 -4.214 -7.382 -9.007 -9.793 -10.161 -10.816 -11.622 -12.118 
10.50505 1.919 -4.245 -7.205 -8.868 -9.659 -10.016 -10.731 -11.543 -12.119 
10.70707 2.363 -4.445 -7.033 -8.793 -9.620 -10.018 -10.703 -11.501 -12.050 
10.90909 3.034 -3.869 -7.003 -8.747 -9.522 -9.912 -10.647 -11.374 -12.021 
11.11111 1.590 -3.787 -6.776 -8.561 -9.364 -9.853 -10.503 -11.326 -11.914 
11.31313 3.106 -3.804 -6.646 -8.459 -9.314 -9.690 -10.468 -11.263 -11.867 
11.51515 2.281 -3.616 -6.646 -8.382 -9.283 -9.640 -10.367 -11.217 -11.747 
11.71717 -2.227 -4.169 -6.607 -8.339 -9.171 -9.465 -10.330 -11.094 -11.807 
11.91919 3.916 -3.369 -6.273 -8.300 -8.996 -9.359 -10.172 -11.041 -11.708 
12.12121 2.022 -3.031 -6.197 -8.056 -8.930 -9.267 -10.043 -10.973 -11.643 
12.32323 -1.371 -3.434 -6.180 -7.912 -8.697 -9.216 -10.030 -10.954 -11.595 
12.52525 3.695 -3.266 -6.236 -7.915 -8.680 -9.019 -9.947 -10.843 -11.486 
12.72727 4.903 -2.809 -6.024 -7.876 -8.640 -9.026 -9.926 -10.776 -11.427 
12.92929 2.982 -2.680 -5.890 -7.761 -8.657 -8.966 -9.752 -10.687 -11.394 
13.13131 -2.041 -2.274 -5.818 -7.636 -8.549 -8.934 -9.766 -10.683 -11.406 
13.33333 4.106 -2.514 -5.727 -7.536 -8.336 -8.765 -9.689 -10.572 -11.358 
13.53535 5.687 -2.585 -5.513 -7.496 -8.327 -8.781 -9.577 -10.573 -11.209 
13.73737 -1.830 -2.693 -5.556 -7.337 -8.259 -8.623 -9.551 -10.471 -11.224 
13.93939 5.144 -2.030 -5.467 -7.225 -8.194 -8.540 -9.501 -10.473 -11.183 
14.14141 4.335 -1.923 -5.117 -7.171 -8.069 -8.472 -9.431 -10.389 -11.089 
14.34343 5.920 -2.286 -5.351 -7.064 -7.986 -8.397 -9.338 -10.338 -11.041 
14.54545 0.485 -1.817 -5.133 -7.089 -7.972 -8.312 -9.209 -10.263 -11.014 
14.74747 5.175 -1.275 -5.122 -7.037 -7.925 -8.372 -9.218 -10.200 -10.927 
14.94949 6.660 -1.531 -4.920 -6.801 -7.808 -8.238 -9.159 -10.094 -10.864 
15.15152 6.750 -0.799 -4.801 -6.702 -7.745 -8.158 -9.101 -10.103 -10.877 
15.35354 7.083 -1.878 -5.070 -6.818 -7.616 -8.182 -9.051 -10.053 -10.797 
15.55556 6.458 -1.263 -4.755 -6.647 -7.601 -7.956 -8.956 -10.006 -10.753 
15.75758 2.230 -0.799 -4.701 -6.590 -7.345 -7.916 -8.955 -9.986 -10.726 
15.95960 8.067 -0.950 -4.374 -6.403 -7.290 -7.795 -8.845 -9.861 -10.718 
16.16162 5.394 -0.363 -4.442 -6.358 -7.279 -7.802 -8.835 -9.828 -10.623 
16.36364 7.021 -0.283 -4.239 -6.250 -7.192 -7.677 -8.700 -9.811 -10.592 
16.56566 5.807 -0.962 -4.375 -6.109 -7.134 -7.777 -8.609 -9.755 -10.546 
16.76768 1.102 -1.138 -4.278 -6.093 -7.163 -7.483 -8.665 -9.644 -10.461 
16.96970 5.246 -1.740 -4.095 -6.071 -7.123 -7.431 -8.579 -9.589 -10.431 
17.17172 -1.050 -0.381 -3.844 -5.877 -6.954 -7.400 -8.519 -9.539 -10.308 
17.37374 2.873 -0.610 -4.099 -5.948 -6.815 -7.482 -8.406 -9.508 -10.314 
17.57576 9.736 -1.679 -3.931 -5.764 -6.510 -7.385 -8.307 -9.489 -10.266 
17.77778 5.851 -0.638 -3.708 -5.693 -6.576 -7.164 -8.259 -9.406 -10.214 
17.97980 10.726 -0.106 -3.581 -5.518 -6.573 -6.821 -8.240 -9.303 -10.239 
18.18182 8.677 -0.320 -3.201 -5.376 -6.604 -6.985 -8.041 -9.275 -10.162 
18.38384 9.343 1.072 -2.896 -5.461 -6.236 -6.911 -8.024 -9.199 -10.148 
18.58586 7.052 0.625 -2.969 -5.440 -6.481 -7.047 -8.086 -9.203 -10.098 
18.78788 8.177 -1.446 -3.290 -5.276 -5.987 -6.943 -7.940 -9.144 -10.084 
18.98990 nan 1.435 -3.242 -5.305 -6.169 -6.773 -8.013 -9.094 -10.031 
19.19192 10.357 -0.442 -3.452 -5.120 -6.171 -6.577 -7.903 -9.022 -9.900 
19.39394 2.685 -0.608 -2.848 -5.000 -6.371 -6.572 -7.824 -8.978 -9.849 
19.59596 9.290 0.030 -2.759 -4.873 -5.747 -6.557 -7.755 -8.861 -9.784 
19.79798 6.357 0.229 -2.411 -4.671 -5.824 -6.372 -7.525 -8.779 -9.643 
20.00000 6.015 0.787 -1.942 -4.246 -5.806 -6.062 -7.374 -8.614 -9.469 
