# t[days] u g r i z y J H K
0.20202 -10.582 -10.347 -9.755 -9.083 -8.238 -11.526 -7.949 -6.693 -4.723 
0.40404 -12.718 -13.337 -13.757 -14.350 -13.523 -13.203 -13.605 -9.940 -9.213 
0.60606 -14.299 -14.371 -14.619 -15.024 -15.392 -15.533 -14.884 -12.762 -13.232 
0.80808 -14.150 -14.905 -15.291 -15.712 -15.848 -15.717 -15.390 -14.998 -14.722 
1.01010 -13.646 -15.005 -15.617 -16.079 -16.148 -16.240 -15.582 -15.738 -15.524 
1.21212 -13.377 -14.703 -15.774 -16.078 -16.049 -16.360 -16.247 -15.956 -15.763 
1.41414 -13.318 -14.766 -15.611 -16.235 -16.317 -16.505 -16.299 -16.023 -15.790 
1.61616 -12.642 -14.298 -15.389 -16.183 -16.421 -16.533 -16.352 -16.393 -16.198 
1.81818 -12.296 -13.700 -15.224 -15.991 -16.441 -16.243 -16.516 -16.316 -16.036 
2.02020 -11.354 -13.521 -14.952 -15.940 -16.267 -16.356 -16.505 -16.514 -16.129 
2.22222 -11.379 -13.119 -14.663 -15.815 -16.092 -16.261 -16.477 -16.441 -16.179 
2.42424 -11.240 -12.781 -14.391 -15.480 -15.970 -16.254 -16.375 -16.430 -16.363 
2.62626 -11.251 -12.373 -14.125 -15.271 -15.791 -16.033 -16.346 -16.367 -16.320 
2.82828 -11.237 -12.163 -13.834 -14.973 -15.577 -15.804 -16.056 -16.130 -16.170 
3.03030 -11.192 -11.854 -13.470 -14.654 -15.421 -15.747 -16.047 -16.191 -16.231 
3.23232 -11.119 -11.715 -12.977 -14.455 -15.264 -15.642 -15.851 -16.100 -16.146 
3.43434 -11.012 -11.792 -12.888 -14.304 -15.087 -15.411 -15.760 -15.944 -15.989 
3.63636 -10.920 -11.491 -12.540 -14.214 -14.904 -15.427 -15.626 -15.936 -15.963 
3.83838 -10.758 -11.240 -12.315 -13.881 -14.728 -15.172 -15.498 -15.911 -15.914 
4.04040 -10.633 -11.145 -12.125 -13.900 -14.585 -14.846 -15.435 -15.817 -15.797 
4.24242 -10.506 -11.164 -12.106 -13.436 -14.379 -14.959 -15.352 -15.856 -15.941 
4.44444 -10.377 -10.848 -11.713 -13.264 -14.179 -14.641 -15.314 -15.591 -15.606 
4.64646 -10.227 -10.790 -11.530 -13.297 -14.263 -14.637 -15.189 -15.584 -15.700 
4.84848 -10.087 -10.734 -11.581 -13.146 -14.145 -14.483 -15.106 -15.458 -15.804 
5.05051 -9.947 -10.597 -11.359 -12.888 -14.041 -14.498 -15.042 -15.423 -15.720 
5.25253 -9.810 -10.403 -11.072 -12.813 -13.748 -14.290 -14.798 -15.433 -15.705 
5.45455 -9.668 -10.304 -11.057 -12.553 -13.609 -14.140 -14.806 -15.309 -15.455 
5.65657 -9.530 -10.207 -11.047 -12.683 -13.698 -14.013 -14.734 -15.292 -15.609 
5.85859 -9.382 -10.066 -10.903 -12.274 -13.370 -13.880 -14.647 -15.162 -15.455 
6.06061 -9.248 -10.030 -10.641 -12.324 -13.244 -13.849 -14.558 -15.032 -15.591 
6.26263 -9.105 -9.854 -10.466 -12.017 -13.145 -13.662 -14.409 -14.948 -15.410 
6.46465 -8.962 -9.742 -10.363 -12.072 -13.205 -13.621 -14.379 -15.049 -15.270 
6.66667 -8.830 -9.632 -10.303 -11.837 -13.127 -13.726 -14.318 -14.896 -15.318 
6.86869 -8.691 -9.530 -10.325 -11.667 -12.948 -13.570 -14.132 -14.864 -15.317 
7.07071 -8.563 -9.428 -10.128 -11.680 -12.731 -13.523 -14.110 -14.829 -15.240 
7.27273 -8.448 -9.325 -10.009 -11.622 -12.985 -13.353 -14.167 -14.777 -15.031 
7.47475 -8.297 -9.209 -9.831 -11.456 -12.756 -13.308 -14.052 -14.645 -15.127 
7.67677 -8.161 -9.102 -9.767 -11.543 -12.633 -13.091 -14.004 -14.580 -14.943 
7.87879 -8.026 -8.989 -9.653 -11.491 -12.542 -13.018 -13.943 -14.612 -14.952 
8.08081 -7.902 -8.895 -9.671 -11.246 -12.537 -13.139 -13.789 -14.361 -14.951 
8.28283 -7.768 -8.776 -9.618 -11.222 -12.538 -12.962 -13.668 -14.337 -14.964 
8.48485 -7.626 -8.670 -9.527 -11.016 -12.367 -12.926 -13.704 -14.264 -14.785 
8.68687 -7.469 -8.562 -9.573 -11.208 -12.333 -12.926 -13.561 -14.340 -14.806 
8.88889 -7.338 -8.457 -9.407 -10.878 -12.297 -12.846 -13.690 -14.336 -14.765 
9.09091 -7.212 -8.343 -9.330 -10.973 -12.292 -12.960 -13.472 -14.176 -14.626 
9.29293 -7.082 -8.237 -9.178 -10.862 -12.009 -12.782 -13.338 -14.066 -14.585 
9.49495 -6.983 -8.131 -9.166 -10.781 -12.054 -12.809 -13.282 -14.009 -14.536 
9.69697 -6.839 -8.031 -9.029 -10.765 -12.044 -12.514 -13.317 -13.991 -14.512 
9.89899 -6.722 -7.891 -8.936 -10.711 -11.880 -12.533 -13.169 -13.884 -14.388 
10.10101 -6.608 -7.815 -8.888 -10.577 -11.912 -12.498 -13.137 -13.694 -14.384 
10.30303 -6.459 -7.694 -8.817 -10.597 -11.903 -12.434 -13.124 -13.759 -14.386 
10.50505 -6.313 -7.574 -8.809 -10.573 -11.736 -12.402 -13.057 -13.734 -14.235 
10.70707 -6.182 -7.508 -8.877 -10.468 -11.703 -12.334 -13.062 -13.683 -14.181 
10.90909 -6.017 -7.380 -8.904 -10.440 -11.653 -12.251 -12.886 -13.624 -14.109 
11.11111 -5.880 -7.309 -8.549 -10.390 -11.682 -12.190 -12.881 -13.496 -14.004 
11.31313 -5.738 -7.152 -8.563 -10.181 -11.620 -12.141 -12.854 -13.527 -14.064 
11.51515 -5.583 -7.065 -8.418 -10.551 -11.520 -12.105 -12.701 -13.363 -13.936 
11.71717 -5.448 -6.937 -8.434 -10.207 -11.475 -12.071 -12.636 -13.349 -13.947 
11.91919 -5.299 -6.838 -8.411 -10.197 -11.470 -12.182 -12.694 -13.283 -13.858 
12.12121 -5.162 -6.719 -8.316 -10.133 -11.423 -11.997 -12.642 -13.280 -13.835 
12.32323 -5.041 -6.676 -8.187 -9.993 -11.342 -11.930 -12.559 -13.197 -13.709 
12.52525 -4.927 -6.543 -8.123 -10.121 -11.260 -11.979 -12.547 -13.209 -13.742 
12.72727 -4.795 -6.448 -8.075 -10.027 -11.262 -11.832 -12.460 -13.141 -13.592 
12.92929 -4.655 -6.311 -8.042 -9.977 -11.197 -11.659 -12.363 -13.040 -13.577 
13.13131 -4.549 -6.237 -7.932 -9.876 -11.160 -11.735 -12.302 -12.988 -13.656 
13.33333 -4.536 -6.267 -8.005 -9.774 -11.158 -11.792 -12.399 -12.949 -13.469 
13.53535 -4.270 -6.040 -7.827 -9.735 -11.074 -11.672 -12.246 -12.848 -13.478 
13.73737 -4.178 -5.856 -7.754 -9.845 -10.938 -11.597 -12.280 -12.838 -13.466 
13.93939 -4.053 -5.779 -7.699 -9.760 -11.118 -11.657 -12.109 -12.774 -13.376 
14.14141 -3.944 -5.803 -7.886 -9.783 -10.928 -11.531 -12.143 -12.748 -13.291 
14.34343 -3.840 -5.782 -7.764 -9.718 -10.841 -11.460 -12.210 -12.669 -13.234 
14.54545 -3.740 -5.547 -7.590 -9.575 -10.750 -11.416 -12.038 -12.624 -13.184 
14.74747 -3.633 -5.530 -7.587 -9.464 -10.919 -11.347 -12.020 -12.662 -13.019 
14.94949 -3.568 -5.361 -7.506 -9.465 -10.681 -11.416 -11.942 -12.547 -13.098 
15.15152 -3.463 -5.262 -7.408 -9.555 -10.748 -11.358 -11.994 -12.471 -13.110 
15.35354 -3.370 -5.205 -7.340 -9.188 -10.579 -11.418 -11.856 -12.446 -13.001 
15.55556 -3.303 -5.129 -7.191 -9.295 -10.566 -11.263 -11.863 -12.380 -12.865 
15.75758 -3.185 -5.086 -7.092 -9.234 -10.568 -11.191 -11.750 -12.407 -12.924 
15.95960 -3.086 -5.005 -7.203 -9.163 -10.575 -11.104 -11.787 -12.332 -12.851 
16.16162 -3.011 -4.826 -7.150 -9.121 -10.462 -11.163 -11.760 -12.237 -12.748 
16.36364 -2.906 -4.807 -7.031 -8.965 -10.437 -11.004 -11.718 -12.256 -12.820 
16.56566 -2.852 -4.659 -6.928 -8.987 -10.307 -10.973 -11.809 -12.253 -12.776 
16.76768 -2.698 -4.646 -6.863 -8.883 -10.337 -11.006 -11.612 -12.288 -12.725 
16.96970 -2.585 -4.563 -6.757 -8.917 -10.388 -11.256 -11.626 -12.331 -12.700 
17.17172 -2.441 -4.493 -6.582 -8.868 -10.172 -10.903 -11.596 -12.164 -12.665 
17.37374 -2.317 -4.535 -6.659 -8.725 -10.169 -10.973 -11.596 -12.151 -12.561 
17.57576 -2.222 -4.473 -6.553 -8.686 -10.040 -10.822 -11.591 -12.114 -12.513 
17.77778 -2.129 -4.256 -6.608 -8.642 -10.082 -10.836 -11.557 -12.067 -12.613 
17.97980 -1.982 -4.147 -6.479 -8.674 -10.047 -10.808 -11.532 -12.033 -12.471 
18.18182 -1.827 -4.393 -6.362 -8.702 -10.057 -10.694 -11.475 -12.011 -12.502 
18.38384 -1.743 -4.052 -6.364 -8.427 -9.884 -10.687 -11.458 -12.029 -12.455 
18.58586 -1.586 -4.105 -6.427 -8.457 -9.864 -10.622 -11.436 -12.016 -12.451 
18.78788 -1.475 -3.788 -6.232 -8.444 -9.820 -10.574 -11.429 -12.004 -12.382 
18.98990 -1.360 -3.847 -6.157 -8.220 -9.885 -10.597 -11.368 -11.944 -12.373 
19.19192 -1.240 -3.858 -6.238 -8.244 -9.788 -10.520 -11.339 -11.943 -12.313 
19.39394 -1.069 -3.731 -6.250 -8.134 -9.725 -10.589 -11.309 -11.955 -12.251 
19.59596 -1.032 -3.620 -5.764 -8.080 -9.797 -10.472 -11.242 -11.857 -12.270 
19.79798 -0.878 -3.647 -5.785 -8.075 -9.617 -10.403 -11.169 -11.862 -12.151 
20.00000 -0.816 -3.437 -5.714 -7.849 -9.652 -10.297 -11.205 -11.797 -12.135 
