# t[days] u g r i z y J H K
0.20202 -10.976 -10.548 -12.604 -13.101 -12.956 -8.898 -8.641 -4.687 3.883 
0.40404 -14.998 -15.294 -15.564 -15.179 -14.906 -13.968 -14.532 -13.242 -13.773 
0.60606 -15.306 -16.252 -16.645 -16.205 -15.627 -15.444 -15.400 -14.683 -13.874 
0.80808 -15.422 -16.487 -16.935 -16.918 -16.396 -16.126 -15.683 -15.232 -15.035 
1.01010 -15.413 -16.760 -17.181 -16.986 -16.800 -16.694 -16.208 -15.991 -15.458 
1.21212 -15.463 -16.799 -17.328 -17.224 -17.009 -16.895 -16.520 -15.894 -15.695 
1.41414 -15.131 -16.730 -17.357 -17.269 -17.065 -17.045 -16.706 -16.377 -15.891 
1.61616 -14.782 -16.588 -17.252 -17.144 -17.115 -17.008 -16.898 -16.518 -16.164 
1.81818 -14.341 -16.416 -17.172 -17.134 -17.041 -16.970 -16.787 -16.602 -16.214 
2.02020 -13.926 -16.221 -16.958 -17.010 -17.018 -16.921 -16.705 -16.472 -16.072 
2.22222 -13.486 -15.930 -16.667 -16.799 -16.697 -16.749 -16.607 -16.446 -16.291 
2.42424 -13.050 -15.617 -16.389 -16.605 -16.565 -16.635 -16.465 -16.263 -16.119 
2.62626 -12.692 -15.360 -16.166 -16.379 -16.523 -16.546 -16.456 -16.378 -15.951 
2.82828 -12.378 -14.967 -15.874 -16.112 -16.217 -16.170 -16.345 -16.260 -15.848 
3.03030 -12.049 -14.622 -15.644 -15.930 -16.131 -16.297 -16.161 -16.046 -15.738 
3.23232 -11.599 -14.405 -15.360 -15.738 -15.959 -16.018 -16.122 -15.981 -16.054 
3.43434 -11.353 -14.024 -15.074 -15.511 -15.767 -15.924 -15.826 -15.965 -15.695 
3.63636 -10.924 -13.732 -14.798 -15.294 -15.566 -15.770 -15.722 -15.700 -15.618 
3.83838 -10.778 -13.409 -14.613 -15.213 -15.483 -15.607 -15.590 -15.552 -15.550 
4.04040 -10.455 -13.392 -14.519 -15.043 -15.374 -15.595 -15.492 -15.543 -15.364 
4.24242 -10.290 -13.140 -14.314 -14.898 -15.178 -15.482 -15.428 -15.422 -15.365 
4.44444 -10.381 -12.927 -14.176 -14.747 -15.142 -15.358 -15.395 -15.378 -15.295 
4.64646 -9.886 -12.731 -14.032 -14.605 -14.992 -15.180 -15.199 -15.260 -15.270 
4.84848 -9.851 -12.598 -13.781 -14.472 -14.885 -15.150 -15.182 -15.152 -15.135 
5.05051 -9.686 -12.449 -13.620 -14.309 -14.727 -15.000 -15.059 -15.111 -15.063 
5.25253 -9.568 -12.161 -13.444 -14.182 -14.676 -14.875 -15.025 -15.058 -15.060 
5.45455 -9.311 -12.026 -13.363 -14.180 -14.616 -14.886 -14.904 -14.986 -14.874 
5.65657 -9.180 -11.860 -13.256 -13.965 -14.490 -14.721 -14.886 -14.783 -14.888 
5.85859 -9.046 -11.725 -13.038 -13.988 -14.438 -14.738 -14.862 -14.890 -14.849 
6.06061 -8.965 -11.741 -13.064 -13.823 -14.322 -14.668 -14.763 -14.802 -14.691 
6.26263 -8.751 -11.428 -12.916 -13.788 -14.280 -14.513 -14.688 -14.806 -14.662 
6.46465 -8.618 -11.311 -12.753 -13.696 -14.131 -14.486 -14.666 -14.771 -14.685 
6.66667 -8.377 -11.190 -12.653 -13.585 -14.108 -14.430 -14.604 -14.584 -14.690 
6.86869 -8.556 -11.117 -12.583 -13.556 -13.962 -14.333 -14.527 -14.589 -14.630 
7.07071 -8.015 -10.957 -12.493 -13.362 -14.045 -14.233 -14.417 -14.532 -14.640 
7.27273 -8.093 -10.819 -12.356 -13.284 -13.857 -14.152 -14.366 -14.440 -14.381 
7.47475 -7.847 -10.585 -12.232 -13.134 -13.793 -14.224 -14.385 -14.454 -14.507 
7.67677 -7.744 -10.571 -12.152 -13.164 -13.745 -14.098 -14.261 -14.418 -14.415 
7.87879 -7.499 -10.441 -12.040 -13.032 -13.683 -14.021 -14.223 -14.302 -14.344 
8.08081 -7.589 -10.256 -12.000 -12.997 -13.574 -13.871 -14.188 -14.259 -14.376 
8.28283 -7.364 -10.157 -11.846 -12.876 -13.485 -13.884 -14.048 -14.210 -14.200 
8.48485 -7.226 -9.883 -11.640 -12.768 -13.464 -13.785 -14.038 -14.220 -14.275 
8.68687 -7.052 -9.934 -11.593 -12.635 -13.402 -13.711 -13.972 -14.143 -14.241 
8.88889 -6.729 -9.676 -11.550 -12.623 -13.278 -13.679 -13.855 -14.099 -14.136 
9.09091 -6.783 -9.599 -11.424 -12.601 -13.240 -13.591 -13.860 -13.983 -14.079 
9.29293 -6.542 -9.571 -11.236 -12.382 -13.162 -13.510 -13.812 -13.952 -14.032 
9.49495 -6.279 -9.398 -11.284 -12.432 -13.082 -13.447 -13.743 -13.932 -14.052 
9.69697 -6.215 -9.259 -11.151 -12.239 -13.039 -13.397 -13.744 -13.890 -13.971 
9.89899 -6.127 -8.977 -10.982 -12.245 -12.918 -13.316 -13.651 -13.824 -13.973 
10.10101 -5.610 -9.039 -10.906 -12.115 -12.814 -13.336 -13.569 -13.801 -13.913 
10.30303 -5.590 -8.703 -10.726 -12.051 -12.819 -13.272 -13.488 -13.763 -13.878 
10.50505 -5.545 -8.610 -10.655 -11.939 -12.738 -13.171 -13.445 -13.678 -13.870 
10.70707 -5.480 -8.539 -10.565 -11.834 -12.675 -13.098 -13.433 -13.632 -13.770 
10.90909 -4.983 -8.369 -10.452 -11.660 -12.616 -13.006 -13.353 -13.579 -13.746 
11.11111 -5.137 -8.211 -10.310 -11.687 -12.522 -12.935 -13.355 -13.526 -13.823 
11.31313 -4.545 -8.229 -10.302 -11.581 -12.433 -12.865 -13.254 -13.478 -13.580 
11.51515 -4.795 -8.074 -10.150 -11.537 -12.345 -12.847 -13.170 -13.482 -13.594 
11.71717 -4.825 -7.877 -10.045 -11.433 -12.283 -12.795 -13.182 -13.445 -13.594 
11.91919 -4.778 -7.492 -9.897 -11.427 -12.226 -12.716 -13.120 -13.305 -13.478 
12.12121 -4.615 -7.641 -9.868 -11.233 -12.086 -12.630 -13.040 -13.278 -13.437 
12.32323 -4.284 -7.376 -9.704 -11.114 -12.106 -12.586 -12.980 -13.249 -13.464 
12.52525 -3.821 -7.257 -9.569 -11.096 -12.057 -12.522 -12.956 -13.242 -13.410 
12.72727 -3.904 -6.912 -9.506 -10.978 -11.944 -12.425 -12.906 -13.193 -13.378 
12.92929 -3.624 -7.258 -9.360 -10.969 -11.868 -12.360 -12.847 -13.155 -13.358 
13.13131 -4.089 -7.138 -9.329 -10.853 -11.827 -12.356 -12.852 -13.154 -13.304 
13.33333 -3.366 -6.876 -9.167 -10.759 -11.753 -12.255 -12.796 -13.061 -13.233 
13.53535 -3.307 -6.807 -9.241 -10.753 -11.739 -12.237 -12.764 -13.080 -13.272 
13.73737 -3.136 -6.460 -9.048 -10.704 -11.749 -12.163 -12.669 -13.015 -13.245 
13.93939 -3.115 -6.540 -8.903 -10.593 -11.677 -12.128 -12.672 -13.017 -13.220 
14.14141 -3.176 -6.258 -8.928 -10.549 -11.559 -12.105 -12.592 -12.975 -13.104 
14.34343 -2.712 -6.288 -8.823 -10.542 -11.542 -12.033 -12.586 -12.933 -13.171 
14.54545 -2.534 -6.408 -8.546 -10.397 -11.395 -11.976 -12.552 -12.890 -13.037 
14.74747 -2.347 -6.381 -8.661 -10.352 -11.351 -11.938 -12.484 -12.844 -13.045 
14.94949 -2.542 -5.752 -8.499 -10.213 -11.359 -11.898 -12.430 -12.822 -13.024 
15.15152 -2.385 -5.799 -8.381 -10.198 -11.284 -11.860 -12.467 -12.877 -13.005 
15.35354 -2.094 -5.454 -8.233 -10.127 -11.176 -11.822 -12.425 -12.841 -13.003 
15.55556 -1.815 -5.542 -8.271 -10.047 -11.227 -11.774 -12.331 -12.781 -12.993 
15.75758 -1.780 -5.745 -8.109 -10.034 -11.126 -11.800 -12.356 -12.761 -12.978 
15.95960 -1.623 -5.438 -7.994 -9.929 -11.091 -11.702 -12.298 -12.744 -12.904 
16.16162 -1.783 -5.388 -7.981 -9.852 -11.087 -11.671 -12.289 -12.712 -12.909 
16.36364 -1.381 -5.179 -7.789 -9.732 -10.924 -11.630 -12.211 -12.638 -12.896 
16.56566 -1.358 -4.652 -7.750 -9.796 -11.012 -11.606 -12.220 -12.668 -12.933 
16.76768 -1.242 -4.801 -7.552 -9.665 -10.845 -11.519 -12.162 -12.632 -12.868 
16.96970 -1.127 -4.972 -7.695 -9.534 -10.838 -11.453 -12.159 -12.582 -12.877 
17.17172 -0.992 -5.014 -7.512 -9.425 -10.724 -11.484 -12.171 -12.615 -12.888 
17.37374 -1.236 -4.205 -7.391 -9.528 -10.759 -11.404 -12.176 -12.541 -12.804 
17.57576 -0.935 -4.227 -7.109 -9.452 -10.698 -11.341 -12.096 -12.569 -12.839 
17.77778 -0.777 -4.503 -7.398 -9.406 -10.550 -11.312 -12.041 -12.474 -12.801 
17.97980 -0.753 -4.324 -7.051 -9.412 -10.591 -11.318 -12.008 -12.482 -12.793 
18.18182 -0.679 -3.559 -7.086 -9.291 -10.531 -11.294 -11.991 -12.478 -12.695 
18.38384 -0.596 -3.960 -7.267 -9.247 -10.491 -11.216 -11.941 -12.407 -12.703 
18.58586 -3.382 -3.755 -7.013 -9.096 -10.474 -11.130 -11.942 -12.398 -12.728 
18.78788 -0.455 -3.946 -7.023 -9.029 -10.466 -11.198 -11.875 -12.405 -12.639 
18.98990 -0.357 -3.736 -6.619 -9.045 -10.333 -11.048 -11.878 -12.355 -12.649 
19.19192 -0.283 -3.249 -6.587 -9.080 -10.352 -11.060 -11.830 -12.356 -12.654 
19.39394 -0.247 -3.523 -6.396 -8.905 -10.328 -11.002 -11.804 -12.277 -12.575 
19.59596 -0.139 -3.225 -6.488 -8.714 -10.246 -10.837 -11.700 -12.297 -12.518 
19.79798 -0.038 -2.983 -6.474 -8.673 -10.111 -10.894 -11.717 -12.145 -12.410 
20.00000 0.068 -2.764 -6.133 -8.581 -9.984 -10.765 -11.580 -12.074 -12.413 
