# t[days] u g r i z y J H K
0.20202 -11.512 -12.529 -12.686 -13.202 -11.790 -10.521 -11.205 -8.418 -5.520 
0.40404 -12.725 -13.801 -13.924 -13.857 -14.222 -13.967 -13.792 -13.361 -11.133 
0.60606 -12.630 -13.782 -14.554 -14.586 -14.847 -14.439 -14.548 -13.356 -13.730 
0.80808 -12.237 -13.525 -14.440 -15.007 -15.132 -14.815 -14.475 -14.206 -14.776 
1.01010 -12.082 -13.443 -14.530 -15.024 -15.256 -15.266 -14.995 -14.902 -14.456 
1.21212 -11.769 -13.390 -14.514 -15.299 -15.638 -15.568 -15.467 -15.351 -15.054 
1.41414 -11.918 -13.401 -14.676 -15.357 -15.721 -15.761 -15.667 -15.482 -15.209 
1.61616 -11.903 -13.127 -14.544 -15.360 -15.860 -15.840 -15.757 -15.559 -15.556 
1.81818 -11.571 -13.118 -14.385 -15.272 -15.710 -15.846 -15.671 -15.613 -15.041 
2.02020 -11.498 -12.888 -14.232 -15.185 -15.569 -15.798 -15.722 -15.447 -15.424 
2.22222 -11.323 -12.696 -14.020 -14.914 -15.357 -15.567 -15.547 -15.442 -15.335 
2.42424 -11.317 -12.574 -13.838 -14.694 -15.251 -15.395 -15.383 -15.333 -15.144 
2.62626 -10.771 -12.313 -13.542 -14.535 -15.109 -15.261 -15.225 -15.138 -15.116 
2.82828 -10.917 -12.177 -13.461 -14.436 -14.961 -15.153 -15.148 -15.159 -15.019 
3.03030 -10.689 -12.051 -13.333 -14.184 -14.801 -14.983 -14.998 -14.951 -14.948 
3.23232 -10.542 -11.969 -13.194 -14.031 -14.590 -14.911 -14.835 -14.894 -14.837 
3.43434 -10.546 -11.856 -13.103 -13.999 -14.577 -14.819 -14.784 -14.733 -14.598 
3.63636 -9.894 -11.598 -12.924 -13.788 -14.308 -14.587 -14.522 -14.610 -14.703 
3.83838 -9.800 -11.514 -12.749 -13.734 -14.250 -14.450 -14.519 -14.310 -14.296 
4.04040 -9.617 -11.341 -12.638 -13.524 -14.171 -14.392 -14.375 -14.303 -14.213 
4.24242 -9.537 -11.239 -12.607 -13.442 -13.977 -14.240 -14.235 -14.081 -14.238 
4.44444 -9.359 -11.166 -12.269 -13.286 -13.854 -14.148 -14.090 -14.082 -13.960 
4.64646 -8.983 -10.956 -12.252 -13.227 -13.758 -13.955 -13.887 -13.842 -13.951 
4.84848 -8.747 -10.866 -12.090 -13.072 -13.619 -13.824 -13.810 -13.857 -13.768 
5.05051 -8.306 -10.573 -12.009 -12.947 -13.513 -13.726 -13.695 -13.656 -13.690 
5.25253 -8.303 -10.419 -11.905 -12.755 -13.320 -13.599 -13.654 -13.568 -13.544 
5.45455 -8.151 -10.378 -11.834 -12.735 -13.362 -13.496 -13.525 -13.465 -13.380 
5.65657 -7.948 -10.252 -11.593 -12.532 -13.199 -13.424 -13.428 -13.245 -13.238 
5.85859 -7.682 -9.982 -11.447 -12.472 -13.058 -13.308 -13.391 -13.324 -13.315 
6.06061 -7.442 -9.886 -11.347 -12.430 -13.019 -13.196 -13.336 -13.188 -13.082 
6.26263 -6.949 -9.707 -11.211 -12.269 -12.943 -13.201 -13.113 -13.112 -12.885 
6.46465 -6.650 -9.407 -11.096 -12.176 -12.787 -12.967 -13.112 -13.040 -13.014 
6.66667 -7.074 -9.327 -10.928 -12.020 -12.666 -12.902 -12.958 -12.931 -12.910 
6.86869 -6.109 -9.124 -10.833 -11.893 -12.573 -12.903 -12.957 -12.928 -12.949 
7.07071 -6.164 -8.955 -10.690 -11.889 -12.460 -12.842 -12.899 -12.895 -12.741 
7.27273 -5.715 -8.863 -10.592 -11.750 -12.403 -12.685 -12.802 -12.829 -12.662 
7.47475 -5.571 -8.765 -10.428 -11.779 -12.297 -12.629 -12.746 -12.765 -12.685 
7.67677 -5.353 -8.509 -10.423 -11.606 -12.219 -12.549 -12.682 -12.711 -12.625 
7.87879 -5.189 -8.306 -10.355 -11.507 -12.171 -12.510 -12.692 -12.740 -12.528 
8.08081 -4.589 -8.106 -10.176 -11.405 -12.098 -12.383 -12.584 -12.659 -12.556 
8.28283 -4.626 -8.052 -10.069 -11.275 -11.974 -12.347 -12.500 -12.647 -12.485 
8.48485 -4.586 -7.821 -9.935 -11.210 -12.005 -12.267 -12.557 -12.552 -12.525 
8.68687 -4.688 -7.705 -9.787 -11.111 -11.837 -12.211 -12.416 -12.457 -12.403 
8.88889 -4.311 -7.580 -9.742 -11.099 -11.846 -12.221 -12.433 -12.493 -12.376 
9.09091 -3.600 -7.489 -9.539 -10.965 -11.744 -12.158 -12.388 -12.462 -12.432 
9.29293 -3.414 -7.140 -9.528 -10.928 -11.745 -12.058 -12.357 -12.410 -12.385 
9.49495 -4.344 -7.045 -9.468 -10.880 -11.601 -12.033 -12.304 -12.408 -12.342 
9.69697 -2.801 -6.812 -9.242 -10.760 -11.526 -11.994 -12.255 -12.321 -12.390 
9.89899 -3.919 -6.734 -9.166 -10.687 -11.504 -11.965 -12.245 -12.338 -12.349 
10.10101 -2.607 -6.470 -9.102 -10.612 -11.420 -11.946 -12.202 -12.369 -12.303 
10.30303 -2.413 -6.608 -9.083 -10.476 -11.318 -11.809 -12.139 -12.290 -12.280 
10.50505 -2.746 -6.104 -8.847 -10.472 -11.367 -11.746 -12.114 -12.287 -12.277 
10.70707 -1.990 -5.988 -8.880 -10.399 -11.298 -11.730 -12.098 -12.267 -12.227 
10.90909 -1.902 -6.252 -8.602 -10.336 -11.275 -11.657 -12.065 -12.251 -12.247 
11.11111 -2.149 -6.209 -8.551 -10.265 -11.186 -11.604 -12.008 -12.230 -12.265 
11.31313 -1.917 -5.706 -8.496 -10.185 -11.086 -11.572 -11.968 -12.165 -12.220 
11.51515 -1.457 -5.438 -8.369 -10.110 -11.051 -11.561 -11.937 -12.126 -12.163 
11.71717 -1.502 -5.300 -8.348 -10.016 -11.021 -11.407 -11.851 -12.169 -12.127 
11.91919 -0.894 -6.031 -8.021 -10.033 -10.934 -11.371 -11.897 -12.114 -12.134 
12.12121 -0.862 -5.380 -8.155 -9.885 -10.933 -11.323 -11.815 -12.087 -12.142 
12.32323 -0.578 -5.053 -8.001 -9.806 -10.772 -11.299 -11.723 -12.047 -12.113 
12.52525 -1.206 -5.159 -7.898 -9.796 -10.807 -11.203 -11.728 -12.067 -12.132 
12.72727 -0.252 -4.890 -7.771 -9.629 -10.705 -11.138 -11.710 -11.986 -12.106 
12.92929 -0.194 -4.986 -7.872 -9.497 -10.593 -11.129 -11.591 -11.962 -12.025 
13.13131 -0.737 -4.603 -7.515 -9.532 -10.517 -11.048 -11.561 -11.905 -11.988 
13.33333 0.192 -4.312 -7.402 -9.355 -10.497 -11.006 -11.559 -11.873 -12.019 
13.53535 -0.129 -3.997 -7.272 -9.311 -10.415 -10.938 -11.428 -11.843 -11.976 
13.73737 0.514 -4.253 -7.366 -9.252 -10.273 -10.856 -11.400 -11.756 -11.909 
13.93939 0.651 -4.101 -7.296 -9.184 -10.200 -10.815 -11.409 -11.744 -11.908 
14.14141 0.918 -3.936 -7.065 -9.107 -10.174 -10.813 -11.304 -11.708 -11.881 
14.34343 0.431 -3.914 -6.950 -8.983 -10.119 -10.622 -11.243 -11.641 -11.831 
14.54545 1.035 -3.520 -6.826 -8.938 -10.010 -10.563 -11.223 -11.615 -11.796 
14.74747 1.277 -3.322 -6.711 -8.895 -9.973 -10.472 -11.120 -11.583 -11.755 
14.94949 1.608 -3.505 -6.599 -8.739 -9.901 -10.439 -11.139 -11.578 -11.774 
15.15152 1.629 -3.262 -6.677 -8.701 -9.776 -10.340 -11.046 -11.555 -11.733 
15.35354 1.902 -2.942 -6.576 -8.589 -9.733 -10.371 -10.975 -11.455 -11.712 
15.55556 2.147 -2.835 -6.388 -8.573 -9.776 -10.258 -10.918 -11.432 -11.607 
15.75758 2.154 -2.860 -6.292 -8.506 -9.597 -10.190 -10.844 -11.362 -11.590 
15.95960 2.450 -2.451 -6.113 -8.328 -9.528 -10.073 -10.853 -11.261 -11.594 
16.16162 2.565 -2.403 -6.170 -8.275 -9.506 -10.093 -10.784 -11.331 -11.574 
16.36364 2.770 -2.276 -5.974 -8.266 -9.413 -9.999 -10.717 -11.282 -11.535 
16.56566 2.709 -2.360 -5.932 -8.073 -9.354 -9.949 -10.667 -11.270 -11.503 
16.76768 3.040 -2.826 -5.989 -7.975 -9.251 -9.859 -10.575 -11.197 -11.501 
16.96970 3.118 -2.406 -5.895 -8.034 -9.258 -9.774 -10.585 -11.155 -11.447 
17.17172 3.317 -1.698 -5.607 -7.896 -9.057 -9.738 -10.533 -11.077 -11.451 
17.37374 3.199 -1.606 -5.478 -7.800 -9.016 -9.655 -10.413 -11.083 -11.347 
17.57576 3.513 -2.051 -5.719 -7.798 -8.959 -9.562 -10.379 -11.092 -11.360 
17.77778 3.811 -1.555 -5.386 -7.703 -8.841 -9.523 -10.327 -11.018 -11.308 
17.97980 3.891 -2.256 -5.214 -7.581 -8.852 -9.450 -10.323 -10.894 -11.323 
18.18182 4.040 -1.845 -5.415 -7.510 -8.735 -9.461 -10.256 -10.953 -11.290 
18.38384 4.171 -0.964 -5.259 -7.617 -8.736 -9.438 -10.238 -10.951 -11.278 
18.58586 4.351 -1.664 -5.088 -7.359 -8.681 -9.293 -10.157 -10.858 -11.227 
18.78788 4.537 -0.821 -4.958 -7.359 -8.576 -9.279 -10.130 -10.816 -11.177 
18.98990 4.899 -1.042 -4.823 -7.226 -8.497 -9.172 -10.088 -10.793 -11.120 
19.19192 4.918 -0.966 -4.815 -7.231 -8.485 -9.093 -10.009 -10.674 -11.069 
19.39394 5.140 0.022 -4.778 -7.154 -8.375 -8.970 -9.955 -10.655 -11.030 
19.59596 5.026 -0.140 -4.730 -7.065 -8.332 -9.002 -9.884 -10.580 -10.970 
19.79798 5.230 -0.366 -4.571 -6.857 -8.153 -8.843 -9.742 -10.473 -10.858 
20.00000 5.404 0.191 -4.294 -6.563 -7.977 -8.656 -9.563 -10.333 -10.756 
