# t[days] u g r i z y J H K
0.20202 -11.023 -11.724 -11.387 -10.087 -11.009 -11.598 -10.302 -6.418 -5.476 
0.40404 -13.727 -14.794 -14.436 -14.539 -14.667 -13.989 -13.889 -13.172 -10.648 
0.60606 -14.300 -15.208 -15.475 -15.543 -15.483 -15.424 -15.009 -14.886 -14.362 
0.80808 -14.404 -15.521 -15.874 -16.026 -15.888 -16.016 -15.641 -15.050 -14.755 
1.01010 -14.416 -15.517 -16.077 -16.142 -16.220 -16.173 -15.837 -15.684 -15.040 
1.21212 -14.092 -15.437 -16.101 -16.280 -16.269 -16.374 -16.324 -15.874 -15.445 
1.41414 -13.649 -15.217 -15.920 -16.222 -16.357 -16.372 -16.315 -15.948 -15.604 
1.61616 -13.020 -14.973 -15.748 -16.082 -16.325 -16.536 -16.250 -16.103 -15.832 
1.81818 -12.607 -14.571 -15.514 -15.948 -16.101 -16.217 -16.203 -16.082 -15.710 
2.02020 -12.081 -14.225 -15.117 -15.629 -16.032 -16.196 -16.144 -16.006 -15.803 
2.22222 -11.966 -14.013 -14.882 -15.532 -15.894 -15.968 -16.133 -16.077 -15.863 
2.42424 -11.631 -13.795 -14.685 -15.347 -15.743 -15.914 -15.937 -15.898 -15.783 
2.62626 -11.414 -13.375 -14.393 -15.087 -15.545 -15.784 -15.760 -15.843 -15.692 
2.82828 -11.146 -13.202 -14.213 -14.971 -15.458 -15.590 -15.791 -15.740 -15.689 
3.03030 -10.788 -12.859 -14.010 -14.744 -15.239 -15.570 -15.613 -15.703 -15.512 
3.23232 -10.626 -12.626 -13.818 -14.532 -15.052 -15.430 -15.541 -15.596 -15.513 
3.43434 -10.557 -12.552 -13.667 -14.478 -15.012 -15.256 -15.409 -15.587 -15.456 
3.63636 -10.171 -12.303 -13.368 -14.199 -14.890 -15.148 -15.320 -15.446 -15.423 
3.83838 -10.016 -11.972 -13.328 -14.037 -14.695 -14.984 -15.153 -15.249 -15.439 
4.04040 -9.847 -11.663 -13.021 -13.981 -14.633 -14.902 -15.147 -15.260 -15.459 
4.24242 -9.630 -11.732 -12.895 -13.912 -14.540 -14.739 -15.018 -15.238 -15.187 
4.44444 -9.461 -11.429 -12.784 -13.708 -14.369 -14.828 -14.945 -15.146 -15.118 
4.64646 -9.261 -11.372 -12.534 -13.555 -14.236 -14.534 -14.813 -15.009 -15.032 
4.84848 -9.083 -11.060 -12.427 -13.429 -14.098 -14.517 -14.791 -14.935 -15.008 
5.05051 -8.739 -10.882 -12.207 -13.332 -14.052 -14.417 -14.621 -14.961 -15.026 
5.25253 -8.977 -10.893 -12.228 -13.247 -13.922 -14.328 -14.561 -14.883 -14.957 
5.45455 -8.810 -10.752 -12.115 -13.050 -13.781 -14.208 -14.460 -14.675 -14.870 
5.65657 -8.536 -10.604 -12.001 -13.027 -13.764 -14.055 -14.412 -14.574 -14.846 
5.85859 -8.260 -10.288 -11.749 -12.892 -13.593 -14.019 -14.289 -14.560 -14.735 
6.06061 -7.937 -10.118 -11.768 -12.757 -13.539 -13.953 -14.170 -14.548 -14.705 
6.26263 -7.673 -9.926 -11.479 -12.724 -13.371 -13.793 -14.108 -14.344 -14.564 
6.46465 -7.722 -9.961 -11.478 -12.555 -13.335 -13.689 -13.974 -14.362 -14.571 
6.66667 -7.330 -9.688 -11.363 -12.401 -13.188 -13.562 -13.941 -14.243 -14.454 
6.86869 -6.932 -9.439 -11.103 -12.332 -13.077 -13.499 -13.762 -14.135 -14.412 
7.07071 -7.563 -9.411 -11.040 -12.308 -13.037 -13.342 -13.771 -14.086 -14.268 
7.27273 -6.726 -9.398 -11.108 -12.207 -12.943 -13.364 -13.692 -14.004 -14.210 
7.47475 -6.589 -9.083 -10.935 -11.989 -12.798 -13.230 -13.507 -13.848 -14.085 
7.67677 -6.250 -9.007 -10.725 -11.908 -12.726 -13.090 -13.462 -13.859 -14.212 
7.87879 -5.944 -8.767 -10.595 -11.856 -12.670 -13.095 -13.406 -13.759 -14.035 
8.08081 -6.030 -8.759 -10.523 -11.800 -12.684 -13.028 -13.357 -13.703 -13.980 
8.28283 -5.683 -8.229 -10.358 -11.729 -12.444 -12.891 -13.217 -13.522 -13.916 
8.48485 -5.509 -8.338 -10.222 -11.540 -12.418 -12.782 -13.138 -13.499 -13.828 
8.68687 -5.324 -8.225 -10.094 -11.494 -12.361 -12.705 -13.128 -13.444 -13.690 
8.88889 -5.275 -7.934 -9.913 -11.389 -12.282 -12.683 -12.987 -13.366 -13.630 
9.09091 -5.033 -8.041 -9.906 -11.314 -12.162 -12.509 -12.952 -13.303 -13.608 
9.29293 -5.005 -7.790 -9.677 -11.217 -12.024 -12.440 -12.918 -13.209 -13.497 
9.49495 -4.518 -7.406 -9.690 -11.191 -12.012 -12.457 -12.824 -13.131 -13.498 
9.69697 -4.406 -7.323 -9.762 -11.180 -11.907 -12.344 -12.691 -13.090 -13.362 
9.89899 -4.150 -7.276 -9.391 -10.968 -11.835 -12.246 -12.657 -13.058 -13.301 
10.10101 -4.301 -7.129 -9.367 -10.829 -11.783 -12.198 -12.648 -13.071 -13.308 
10.30303 -3.772 -6.981 -9.319 -10.863 -11.732 -12.128 -12.600 -12.987 -13.262 
10.50505 -3.662 -7.085 -9.112 -10.800 -11.578 -12.148 -12.569 -12.871 -13.178 
10.70707 -3.265 -6.747 -9.031 -10.678 -11.644 -12.110 -12.504 -12.770 -13.084 
10.90909 -3.158 -6.497 -8.941 -10.635 -11.538 -11.986 -12.397 -12.755 -13.106 
11.11111 -3.138 -6.628 -8.798 -10.500 -11.476 -12.018 -12.370 -12.752 -13.024 
11.31313 -2.907 -6.241 -8.724 -10.474 -11.461 -11.880 -12.351 -12.714 -12.953 
11.51515 -2.715 -6.116 -8.684 -10.401 -11.362 -11.905 -12.344 -12.658 -12.952 
11.71717 -2.766 -6.006 -8.512 -10.333 -11.293 -11.869 -12.237 -12.667 -12.880 
11.91919 -2.416 -5.615 -8.432 -10.271 -11.262 -11.741 -12.202 -12.589 -12.784 
12.12121 -2.318 -6.006 -8.451 -10.132 -11.244 -11.732 -12.231 -12.540 -12.789 
12.32323 -2.169 -5.392 -8.395 -10.157 -11.119 -11.645 -12.109 -12.538 -12.772 
12.52525 -2.178 -5.696 -8.327 -10.053 -11.087 -11.611 -12.112 -12.462 -12.767 
12.72727 -2.027 -5.286 -7.978 -9.967 -11.049 -11.591 -12.031 -12.439 -12.701 
12.92929 -1.951 -5.651 -7.902 -9.978 -10.973 -11.560 -12.085 -12.436 -12.665 
13.13131 -1.834 -5.257 -8.083 -9.886 -10.926 -11.459 -12.009 -12.375 -12.661 
13.33333 -1.863 -5.180 -7.973 -9.784 -10.853 -11.500 -12.034 -12.377 -12.641 
13.53535 -1.606 -4.892 -7.817 -9.710 -10.823 -11.422 -11.996 -12.368 -12.612 
13.73737 -1.499 -4.692 -7.710 -9.736 -10.821 -11.451 -11.945 -12.337 -12.681 
13.93939 -1.389 -4.931 -7.684 -9.588 -10.875 -11.341 -11.880 -12.370 -12.520 
14.14141 -1.526 -4.916 -7.622 -9.537 -10.690 -11.259 -11.862 -12.267 -12.482 
14.34343 -1.162 -4.711 -7.338 -9.475 -10.617 -11.215 -11.856 -12.230 -12.468 
14.54545 -1.071 -4.292 -7.360 -9.355 -10.598 -11.224 -11.819 -12.156 -12.499 
14.74747 -0.839 -4.165 -7.268 -9.269 -10.546 -11.239 -11.804 -12.173 -12.510 
14.94949 -0.648 -3.883 -7.115 -9.419 -10.582 -11.074 -11.701 -12.170 -12.383 
15.15152 -0.759 -4.109 -7.267 -9.358 -10.449 -11.080 -11.669 -12.175 -12.378 
15.35354 -0.339 -3.681 -6.994 -9.200 -10.413 -10.999 -11.648 -12.079 -12.416 
15.55556 -0.217 -3.392 -6.884 -9.042 -10.335 -10.957 -11.617 -12.021 -12.326 
15.75758 -0.094 -3.600 -6.806 -8.983 -10.247 -10.914 -11.575 -12.034 -12.302 
15.95960 0.091 -3.693 -6.731 -8.932 -10.259 -10.897 -11.520 -11.961 -12.211 
16.16162 0.180 -3.520 -6.820 -8.970 -10.202 -10.904 -11.523 -12.010 -12.231 
16.36364 0.248 -3.113 -6.487 -8.853 -10.119 -10.822 -11.498 -11.925 -12.216 
16.56566 0.462 -2.970 -6.564 -8.857 -9.980 -10.687 -11.399 -11.912 -12.159 
16.76768 0.544 -3.010 -6.506 -8.721 -9.980 -10.700 -11.364 -11.843 -12.143 
16.96970 0.741 -3.069 -6.225 -8.560 -10.000 -10.652 -11.287 -11.813 -12.151 
17.17172 0.848 -2.476 -6.357 -8.622 -9.838 -10.504 -11.303 -11.850 -12.055 
17.37374 0.953 -2.547 -6.223 -8.560 -9.733 -10.485 -11.243 -11.789 -12.048 
17.57576 1.146 -2.347 -5.998 -8.348 -9.779 -10.578 -11.215 -11.754 -12.113 
17.77778 1.261 -3.277 -5.830 -8.390 -9.705 -10.401 -11.183 -11.734 -12.040 
17.97980 1.385 -2.513 -5.766 -8.273 -9.686 -10.362 -11.109 -11.717 -12.000 
18.18182 1.504 -2.243 -5.915 -8.282 -9.637 -10.325 -11.066 -11.672 -11.989 
18.38384 1.593 -2.192 -5.823 -8.203 -9.534 -10.298 -11.042 -11.623 -11.928 
18.58586 1.867 -1.733 -5.601 -8.183 -9.514 -10.241 -11.011 -11.636 -11.939 
18.78788 1.946 -2.363 -5.612 -8.043 -9.423 -10.159 -10.957 -11.543 -11.901 
18.98990 1.996 -2.345 -5.765 -7.935 -9.464 -10.109 -10.911 -11.486 -11.830 
19.19192 2.181 -1.685 -5.307 -7.865 -9.273 -10.037 -10.834 -11.431 -11.836 
19.39394 2.428 -1.871 -5.098 -7.776 -9.202 -9.984 -10.811 -11.333 -11.778 
19.59596 2.408 -2.203 -5.244 -7.661 -9.174 -9.832 -10.727 -11.312 -11.651 
19.79798 2.530 -1.790 -5.148 -7.540 -9.076 -9.800 -10.544 -11.225 -11.627 
20.00000 2.860 -0.807 -4.877 -7.411 -8.860 -9.598 -10.418 -11.150 -11.494 
