# t[days] u g r i z y J H K
0.20202 -9.907 -10.039 -11.529 -13.365 -11.273 -11.077 -11.513 -5.398 17.023 
0.40404 -10.796 -13.656 -13.659 -14.403 -14.028 -14.440 -13.991 -12.975 -13.047 
0.60606 -11.806 -13.878 -14.337 -15.008 -14.485 -14.999 -14.673 -14.062 -12.922 
0.80808 -10.011 -13.915 -14.270 -14.342 -14.401 -14.338 -13.761 -14.820 -13.687 
1.01010 -11.903 -13.346 -14.461 -14.958 -14.235 -14.457 -14.393 -14.427 -13.232 
1.21212 -7.350 -13.055 -13.784 -14.261 -14.759 -15.166 -14.354 -14.553 -14.353 
1.41414 -9.984 -12.361 -13.481 -14.208 -14.373 -14.620 -14.553 -15.101 -14.272 
1.61616 -8.293 -12.082 -13.765 -14.782 -15.218 -15.329 -15.359 -15.527 -14.625 
1.81818 -9.502 -12.959 -14.450 -15.375 -15.821 -15.878 -15.720 -15.826 -15.972 
2.02020 -10.227 -13.138 -14.645 -15.657 -15.992 -16.213 -16.094 -16.042 -16.294 
2.22222 -10.972 -13.294 -14.733 -15.942 -16.228 -16.352 -16.199 -16.334 -16.163 
2.42424 -11.403 -13.342 -14.677 -15.759 -16.359 -16.243 -16.574 -16.424 -16.301 
2.62626 -11.633 -13.238 -14.640 -15.592 -16.195 -16.288 -16.332 -16.558 -16.275 
2.82828 -11.942 -13.210 -14.614 -15.692 -16.169 -16.486 -16.349 -16.435 -16.411 
3.03030 -11.995 -13.232 -14.547 -15.561 -16.003 -16.238 -16.363 -16.360 -16.473 
3.23232 -12.063 -13.039 -14.238 -15.281 -15.965 -16.285 -16.249 -16.158 -16.096 
3.43434 -11.964 -13.021 -14.061 -15.047 -15.794 -16.064 -16.020 -16.142 -16.325 
3.63636 -12.077 -13.040 -14.132 -15.018 -15.583 -15.936 -15.941 -15.911 -15.963 
3.83838 -12.121 -13.038 -14.074 -15.002 -15.738 -15.874 -15.834 -15.817 -15.746 
4.04040 -11.962 -13.101 -13.862 -14.856 -15.516 -15.711 -15.698 -15.910 -15.949 
4.24242 -11.943 -13.047 -13.902 -14.669 -15.326 -15.612 -15.616 -15.754 -15.719 
4.44444 -12.020 -13.060 -13.930 -14.921 -15.213 -15.677 -15.424 -15.372 -15.748 
4.64646 -11.928 -12.708 -13.880 -14.667 -15.281 -15.494 -15.413 -15.413 -15.535 
4.84848 -11.653 -12.878 -13.864 -14.738 -15.186 -15.449 -15.279 -15.222 -15.389 
5.05051 -11.626 -12.803 -13.885 -14.535 -15.095 -15.402 -15.243 -15.259 -15.316 
5.25253 -11.624 -12.792 -13.715 -14.433 -14.997 -15.258 -15.295 -15.111 -14.953 
5.45455 -11.326 -12.479 -13.497 -14.378 -14.844 -15.218 -15.119 -15.039 -15.126 
5.65657 -11.463 -12.413 -13.668 -14.194 -14.722 -15.169 -15.100 -14.928 -14.964 
5.85859 -11.064 -12.523 -13.484 -14.272 -14.768 -15.087 -15.006 -14.782 -15.154 
6.06061 -10.869 -12.450 -13.435 -14.142 -14.734 -14.955 -14.897 -14.649 -14.542 
6.26263 -10.590 -12.323 -13.330 -14.077 -14.637 -14.963 -14.952 -14.827 -14.478 
6.46465 -10.811 -12.232 -13.310 -14.043 -14.645 -14.882 -14.865 -14.704 -14.574 
6.66667 -10.702 -12.004 -13.139 -13.956 -14.523 -14.792 -14.861 -14.609 -14.530 
6.86869 -10.171 -11.850 -12.988 -13.737 -14.430 -14.725 -14.710 -14.402 -14.665 
7.07071 -10.228 -11.725 -12.953 -13.743 -14.402 -14.658 -14.761 -14.442 -14.322 
7.27273 -9.994 -11.654 -12.852 -13.815 -14.264 -14.729 -14.651 -14.523 -14.329 
7.47475 -10.003 -11.641 -12.806 -13.671 -14.208 -14.535 -14.568 -14.371 -14.082 
7.67677 -9.847 -11.569 -12.862 -13.567 -14.195 -14.542 -14.494 -14.340 -14.102 
7.87879 -9.877 -11.480 -12.698 -13.468 -14.198 -14.345 -14.444 -14.251 -14.246 
8.08081 -9.429 -11.530 -12.462 -13.421 -14.086 -14.391 -14.351 -14.380 -14.145 
8.28283 -9.128 -11.248 -12.369 -13.368 -14.026 -14.342 -14.328 -14.251 -14.114 
8.48485 -8.720 -10.965 -12.525 -13.263 -13.934 -14.438 -14.300 -14.197 -13.962 
8.68687 -8.655 -10.930 -12.232 -13.148 -13.836 -14.199 -14.308 -14.147 -14.031 
8.88889 -8.397 -10.691 -12.139 -13.164 -13.720 -14.112 -14.313 -14.136 -14.005 
9.09091 -8.653 -10.675 -12.215 -13.056 -13.795 -14.198 -14.164 -14.172 -13.913 
9.29293 -8.112 -10.592 -11.995 -13.019 -13.598 -13.896 -14.198 -13.997 -13.953 
9.49495 -8.663 -10.773 -11.957 -12.816 -13.696 -14.029 -14.067 -13.998 -13.785 
9.69697 -8.016 -10.272 -11.644 -12.764 -13.467 -13.894 -13.979 -14.002 -13.836 
9.89899 -7.665 -10.199 -11.529 -12.756 -13.460 -13.889 -13.946 -14.107 -13.791 
10.10101 -7.393 -9.962 -11.551 -12.542 -13.260 -13.625 -13.905 -13.897 -13.848 
10.30303 -7.350 -10.008 -11.515 -12.544 -13.275 -13.683 -13.857 -13.922 -13.659 
10.50505 -7.516 -9.654 -11.343 -12.490 -13.272 -13.629 -13.746 -13.821 -13.550 
10.70707 -7.070 -9.604 -11.357 -12.466 -13.182 -13.568 -13.654 -13.863 -13.693 
10.90909 -6.880 -9.313 -11.066 -12.329 -13.060 -13.491 -13.708 -13.842 -13.609 
11.11111 -6.971 -9.397 -10.978 -12.341 -13.063 -13.443 -13.705 -13.769 -13.607 
11.31313 -6.299 -9.266 -10.987 -12.152 -12.925 -13.385 -13.621 -13.723 -13.600 
11.51515 -6.164 -8.873 -10.789 -12.202 -12.784 -13.305 -13.614 -13.614 -13.442 
11.71717 -6.032 -8.861 -10.843 -12.000 -12.788 -13.206 -13.505 -13.545 -13.523 
11.91919 -5.952 -8.771 -10.746 -11.925 -12.646 -13.162 -13.367 -13.502 -13.458 
12.12121 -5.757 -8.607 -10.490 -11.825 -12.687 -12.997 -13.407 -13.462 -13.394 
12.32323 -5.232 -8.609 -10.488 -11.713 -12.503 -13.125 -13.379 -13.562 -13.349 
12.52525 -5.278 -8.366 -10.257 -11.726 -12.504 -12.953 -13.265 -13.538 -13.377 
12.72727 -5.667 -7.951 -10.292 -11.583 -12.379 -12.988 -13.309 -13.416 -13.360 
12.92929 -5.023 -8.011 -10.125 -11.573 -12.374 -12.833 -13.232 -13.410 -13.307 
13.13131 -4.698 -8.196 -10.116 -11.493 -12.330 -12.817 -13.181 -13.306 -13.174 
13.33333 -4.597 -7.701 -9.866 -11.323 -12.212 -12.768 -13.117 -13.249 -13.230 
13.53535 -4.398 -7.641 -9.801 -11.229 -12.140 -12.720 -13.107 -13.298 -13.201 
13.73737 -4.529 -8.398 -9.872 -11.217 -12.156 -12.706 -13.093 -13.175 -13.159 
13.93939 -4.565 -7.290 -9.505 -11.053 -12.033 -12.524 -12.945 -13.151 -13.138 
14.14141 -4.316 -7.095 -9.539 -10.892 -11.869 -12.597 -12.903 -13.108 -13.125 
14.34343 -4.097 -6.937 -9.423 -10.940 -11.860 -12.371 -12.907 -13.094 -13.119 
14.54545 -3.793 -6.892 -9.415 -10.868 -11.904 -12.403 -12.830 -13.053 -13.126 
14.74747 -3.742 -6.741 -9.117 -10.774 -11.734 -12.308 -12.805 -13.036 -13.024 
14.94949 -3.887 -6.966 -9.241 -10.731 -11.724 -12.212 -12.716 -13.040 -13.085 
15.15152 -3.744 -6.663 -9.237 -10.645 -11.591 -12.216 -12.759 -13.072 -13.000 
15.35354 -3.539 -6.653 -8.873 -10.477 -11.579 -12.125 -12.705 -12.905 -13.025 
15.55556 -3.515 -6.180 -8.881 -10.523 -11.477 -12.087 -12.628 -12.935 -13.003 
15.75758 -3.154 -6.235 -8.751 -10.564 -11.670 -12.068 -12.593 -12.955 -12.982 
15.95960 -3.170 -6.411 -8.696 -10.318 -11.416 -11.958 -12.587 -12.945 -12.946 
16.16162 -2.887 -6.263 -8.806 -10.324 -11.437 -12.091 -12.600 -12.932 -12.948 
16.36364 -3.319 -5.945 -8.590 -10.244 -11.309 -11.960 -12.549 -12.861 -12.884 
16.56566 -2.726 -5.773 -8.464 -10.248 -11.272 -11.845 -12.497 -12.915 -12.857 
16.76768 -2.634 -5.427 -8.220 -10.047 -11.267 -11.869 -12.461 -12.837 -12.901 
16.96970 -2.570 -5.557 -8.344 -10.089 -11.186 -11.874 -12.364 -12.777 -12.903 
17.17172 -2.431 -5.478 -8.180 -9.962 -11.021 -11.697 -12.442 -12.800 -12.841 
17.37374 -2.322 -5.329 -7.955 -9.975 -11.142 -11.747 -12.329 -12.795 -12.812 
17.57576 -2.161 -5.529 -8.127 -9.971 -11.029 -11.729 -12.284 -12.702 -12.851 
17.77778 -2.089 -5.593 -9.410 -9.732 -10.932 -11.749 -12.277 -12.696 -12.879 
17.97980 -1.914 -4.993 -7.802 -9.714 -10.882 -11.606 -12.291 -12.646 -12.808 
18.18182 -1.816 -4.749 -7.852 -9.635 -10.952 -11.515 -12.250 -12.639 -12.762 
18.38384 -1.659 -5.089 -7.680 -9.654 -10.790 -11.525 -12.183 -12.657 -12.884 
18.58586 -1.491 -4.809 -7.508 -9.472 -10.788 -11.489 -12.117 -12.602 -12.742 
18.78788 -1.380 -5.132 -7.595 -9.527 -10.683 -11.434 -12.124 -12.597 -12.726 
18.98990 -1.245 -4.498 -7.421 -9.552 -10.741 -11.395 -12.121 -12.558 -12.804 
19.19192 -1.154 -6.020 -7.269 -9.337 -10.641 -11.345 -12.037 -12.525 -12.752 
19.39394 -1.011 -4.237 -7.241 -9.287 -10.616 -11.310 -12.028 -12.527 -12.707 
19.59596 -0.978 -4.075 -7.112 -9.270 -10.445 -11.192 -11.971 -12.455 -12.668 
19.79798 -0.789 -3.792 -6.961 -9.030 -10.336 -11.110 -11.855 -12.384 -12.653 
20.00000 -0.666 -3.937 -6.822 -8.812 -10.240 -11.014 -11.797 -12.392 -12.445 
