# t[days] u g r i z y J H K
0.20202 -10.794 -10.302 -10.118 -12.158 -10.331 -10.267 -11.224 -9.742 -7.597 
0.40404 -12.934 -13.676 -14.068 -14.687 -13.811 -13.899 -13.785 -12.713 -12.363 
0.60606 -12.876 -13.921 -14.545 -15.029 -15.302 -15.143 -14.758 -14.150 -13.703 
0.80808 -13.618 -14.156 -15.085 -15.528 -15.748 -15.542 -15.431 -14.598 -13.784 
1.01010 -12.795 -14.443 -15.188 -15.671 -16.010 -15.933 -15.674 -15.114 -14.963 
1.21212 -11.755 -14.044 -14.991 -15.737 -16.077 -16.222 -16.014 -15.810 -15.389 
1.41414 -10.836 -13.549 -15.090 -15.755 -15.821 -15.928 -15.910 -15.911 -15.443 
1.61616 -10.932 -13.179 -14.686 -15.558 -15.870 -15.912 -15.941 -16.015 -15.984 
1.81818 -10.933 -12.517 -14.299 -15.377 -15.824 -15.947 -16.064 -15.837 -15.776 
2.02020 -11.133 -12.414 -14.237 -15.262 -15.726 -15.909 -16.031 -15.940 -15.518 
2.22222 -11.248 -12.044 -13.781 -14.987 -15.586 -15.782 -15.838 -15.838 -16.008 
2.42424 -11.158 -11.778 -13.471 -14.564 -15.501 -15.650 -15.913 -16.007 -15.771 
2.62626 -11.020 -11.741 -13.416 -14.691 -15.269 -15.462 -15.714 -15.898 -15.609 
2.82828 -10.885 -11.452 -13.109 -14.599 -15.154 -15.372 -15.566 -15.766 -15.587 
3.03030 -10.726 -11.454 -12.883 -14.291 -15.010 -15.400 -15.637 -15.619 -15.633 
3.23232 -10.555 -11.109 -12.557 -14.109 -14.784 -15.264 -15.410 -15.546 -15.655 
3.43434 -10.383 -11.012 -12.382 -13.912 -14.855 -15.108 -15.421 -15.539 -15.448 
3.63636 -10.214 -10.691 -12.386 -13.769 -14.735 -14.995 -15.296 -15.484 -15.362 
3.83838 -10.015 -10.627 -12.148 -13.490 -14.465 -14.893 -14.984 -15.270 -15.323 
4.04040 -9.848 -10.442 -11.996 -13.444 -14.331 -14.658 -15.055 -15.159 -15.189 
4.24242 -9.667 -10.385 -11.921 -13.364 -14.340 -14.705 -14.949 -15.144 -15.347 
4.44444 -9.483 -10.203 -11.716 -13.157 -14.186 -14.614 -14.811 -15.085 -15.226 
4.64646 -9.301 -10.078 -11.673 -12.999 -14.199 -14.469 -14.729 -14.861 -15.073 
4.84848 -9.127 -10.055 -11.627 -13.020 -14.020 -14.333 -14.582 -14.942 -15.048 
5.05051 -8.960 -9.867 -11.504 -12.931 -13.907 -14.305 -14.505 -14.741 -14.878 
5.25253 -8.799 -9.822 -11.388 -12.958 -13.837 -14.105 -14.399 -14.659 -14.776 
5.45455 -8.615 -9.693 -11.338 -12.719 -13.731 -14.038 -14.287 -14.594 -14.860 
5.65657 -8.445 -9.614 -11.153 -12.688 -13.593 -14.012 -14.270 -14.484 -14.555 
5.85859 -8.299 -9.591 -11.148 -12.680 -13.576 -13.923 -14.207 -14.432 -14.548 
6.06061 -8.136 -9.521 -11.189 -12.675 -13.467 -13.820 -14.146 -14.294 -14.492 
6.26263 -7.963 -9.443 -11.047 -12.537 -13.416 -13.816 -14.081 -14.212 -14.388 
6.46465 -7.824 -9.232 -11.045 -12.402 -13.395 -13.746 -13.938 -14.119 -14.414 
6.66667 -7.619 -9.352 -10.920 -12.381 -13.320 -13.753 -13.964 -14.082 -14.307 
6.86869 -7.467 -9.011 -10.791 -12.237 -13.257 -13.574 -13.832 -14.083 -14.142 
7.07071 -7.377 -9.017 -10.804 -12.212 -13.141 -13.458 -13.653 -13.919 -14.064 
7.27273 -7.167 -8.985 -10.811 -12.100 -13.014 -13.488 -13.556 -13.818 -14.035 
7.47475 -6.998 -8.882 -10.730 -12.138 -12.933 -13.380 -13.565 -13.750 -13.963 
7.67677 -6.823 -8.743 -10.504 -12.041 -12.814 -13.290 -13.450 -13.635 -13.972 
7.87879 -6.681 -8.675 -10.479 -11.909 -12.797 -13.190 -13.390 -13.590 -13.825 
8.08081 -6.453 -8.523 -10.484 -11.889 -12.768 -13.149 -13.341 -13.544 -13.750 
8.28283 -6.340 -8.537 -10.436 -11.841 -12.706 -13.011 -13.243 -13.464 -13.708 
8.48485 -6.200 -8.326 -10.357 -11.726 -12.602 -13.041 -13.295 -13.377 -13.596 
8.68687 -5.889 -8.166 -10.195 -11.662 -12.517 -12.984 -13.107 -13.304 -13.551 
8.88889 -5.805 -8.147 -10.158 -11.616 -12.471 -12.874 -13.051 -13.259 -13.465 
9.09091 -5.682 -8.221 -9.997 -11.574 -12.480 -12.821 -13.122 -13.239 -13.386 
9.29293 -5.447 -7.949 -10.042 -11.410 -12.393 -12.803 -12.990 -13.185 -13.304 
9.49495 -5.307 -7.789 -9.955 -11.440 -12.237 -12.722 -12.917 -13.115 -13.301 
9.69697 -5.147 -7.712 -9.820 -11.279 -12.231 -12.610 -12.867 -13.004 -13.236 
9.89899 -5.067 -7.552 -9.644 -11.194 -12.078 -12.626 -12.807 -13.062 -13.169 
10.10101 -4.861 -7.430 -9.600 -11.168 -12.014 -12.533 -12.782 -12.955 -13.164 
10.30303 -4.725 -7.314 -9.505 -11.025 -11.906 -12.365 -12.732 -12.903 -12.975 
10.50505 -4.464 -7.032 -9.382 -10.934 -11.928 -12.433 -12.682 -12.921 -12.993 
10.70707 -4.399 -7.090 -9.384 -10.952 -11.898 -12.342 -12.672 -12.842 -13.044 
10.90909 -4.261 -6.908 -9.249 -10.895 -11.833 -12.253 -12.546 -12.806 -12.872 
11.11111 -4.048 -6.932 -9.152 -10.722 -11.764 -12.217 -12.501 -12.727 -12.885 
11.31313 -4.037 -6.658 -9.106 -10.693 -11.590 -12.074 -12.491 -12.715 -12.814 
11.51515 -4.018 -6.642 -8.919 -10.686 -11.604 -12.083 -12.441 -12.718 -12.787 
11.71717 -3.663 -6.440 -8.801 -10.544 -11.500 -12.074 -12.420 -12.648 -12.679 
11.91919 -3.589 -6.348 -8.756 -10.503 -11.466 -11.946 -12.395 -12.587 -12.741 
12.12121 -3.484 -6.267 -8.744 -10.391 -11.441 -11.882 -12.330 -12.545 -12.650 
12.32323 -3.412 -6.359 -8.697 -10.346 -11.367 -11.828 -12.314 -12.493 -12.589 
12.52525 -3.025 -6.171 -8.584 -10.292 -11.336 -11.832 -12.285 -12.566 -12.663 
12.72727 -2.850 -5.776 -8.507 -10.233 -11.287 -11.827 -12.240 -12.492 -12.652 
12.92929 -3.017 -5.749 -8.482 -10.243 -11.246 -11.703 -12.283 -12.409 -12.600 
13.13131 -2.572 -5.686 -8.237 -10.153 -11.152 -11.730 -12.207 -12.446 -12.566 
13.33333 -2.390 -5.887 -8.143 -10.011 -11.132 -11.716 -12.163 -12.415 -12.496 
13.53535 -2.271 -5.740 -8.088 -9.929 -11.092 -11.635 -12.063 -12.416 -12.487 
13.73737 -2.102 -5.519 -8.075 -9.891 -11.036 -11.588 -12.111 -12.380 -12.621 
13.93939 -2.094 -5.324 -7.924 -9.793 -11.004 -11.545 -12.040 -12.379 -12.606 
14.14141 -1.966 -5.300 -7.955 -9.812 -10.907 -11.495 -12.010 -12.315 -12.447 
14.34343 -1.878 -5.003 -7.879 -9.745 -10.873 -11.534 -12.046 -12.356 -12.488 
14.54545 -1.757 -5.040 -7.870 -9.744 -10.809 -11.441 -11.999 -12.311 -12.452 
14.74747 -1.604 -4.963 -7.679 -9.668 -10.750 -11.393 -11.988 -12.306 -12.410 
14.94949 -1.518 -4.660 -7.627 -9.521 -10.770 -11.347 -11.931 -12.264 -12.373 
15.15152 -1.431 -4.734 -7.436 -9.478 -10.667 -11.252 -11.852 -12.229 -12.411 
15.35354 -1.453 -4.179 -7.372 -9.505 -10.627 -11.275 -11.859 -12.247 -12.366 
15.55556 -1.289 -4.275 -7.333 -9.385 -10.552 -11.226 -11.834 -12.215 -12.381 
15.75758 -1.204 -4.452 -7.268 -9.256 -10.493 -11.172 -11.790 -12.202 -12.306 
15.95960 -1.143 -4.262 -7.145 -9.241 -10.507 -11.160 -11.815 -12.176 -12.303 
16.16162 -1.034 -4.105 -7.115 -9.293 -10.531 -11.112 -11.819 -12.128 -12.352 
16.36364 -0.974 -4.014 -7.115 -9.147 -10.377 -11.180 -11.774 -12.122 -12.345 
16.56566 -0.948 -3.846 -6.935 -9.120 -10.365 -11.072 -11.726 -12.096 -12.296 
16.76768 -0.757 -4.120 -6.616 -9.047 -10.339 -11.018 -11.683 -12.165 -12.342 
16.96970 -0.615 -3.904 -6.884 -9.033 -10.280 -10.974 -11.702 -12.138 -12.366 
17.17172 -0.532 -3.514 -6.818 -9.013 -10.248 -10.925 -11.628 -12.049 -12.292 
17.37374 -0.442 -3.627 -6.634 -8.953 -10.151 -10.847 -11.575 -12.053 -12.297 
17.57576 -0.306 -3.167 -6.438 -8.817 -10.120 -10.853 -11.571 -11.980 -12.239 
17.77778 -0.244 -3.596 -6.603 -8.880 -10.070 -10.836 -11.547 -11.977 -12.233 
17.97980 -0.146 -3.445 -6.384 -8.709 -10.033 -10.829 -11.497 -12.012 -12.235 
18.18182 0.071 -3.388 -6.282 -8.699 -10.071 -10.739 -11.519 -11.980 -12.141 
18.38384 0.188 -3.128 -6.397 -8.655 -9.954 -10.743 -11.457 -11.969 -12.214 
18.58586 0.344 -3.214 -6.222 -8.522 -9.918 -10.611 -11.400 -11.952 -12.200 
18.78788 0.533 -2.684 -6.327 -8.673 -9.872 -10.650 -11.380 -11.871 -12.155 
18.98990 0.578 -2.422 -5.970 -8.339 -9.797 -10.611 -11.350 -11.925 -12.189 
19.19192 0.717 -2.429 -5.724 -8.306 -9.747 -10.407 -11.277 -11.843 -12.091 
19.39394 0.913 -2.288 -5.664 -8.241 -9.710 -10.460 -11.285 -11.834 -12.052 
19.59596 0.978 -2.308 -5.735 -8.135 -9.624 -10.420 -11.174 -11.733 -12.078 
19.79798 1.184 -2.251 -5.602 -7.972 -9.424 -10.314 -11.148 -11.664 -11.879 
20.00000 1.336 -1.555 -5.466 -7.934 -9.376 -10.198 -10.975 -11.616 -11.873 
