# t[days] u g r i z y J H K
0.20202 -11.195 -12.031 -11.739 -11.003 -12.305 -12.708 -9.774 -3.669 -8.188 
0.40404 -12.527 -13.256 -13.651 -13.965 -14.221 -13.831 -13.848 -13.281 -12.656 
0.60606 -12.520 -13.748 -14.778 -14.538 -14.612 -14.701 -14.441 -13.340 -12.128 
0.80808 -11.102 -13.518 -14.201 -15.024 -15.068 -14.206 -14.122 -13.750 -14.037 
1.01010 -10.617 -13.387 -14.133 -14.849 -14.752 -14.803 -14.495 -15.085 -14.583 
1.21212 -10.688 -12.521 -13.460 -14.447 -14.090 -14.917 -14.851 -14.726 -13.398 
1.41414 -9.825 -12.511 -14.010 -14.881 -15.230 -15.380 -15.154 -15.203 -15.301 
1.61616 -9.848 -13.014 -14.539 -15.622 -15.783 -16.064 -15.758 -15.650 -15.468 
1.81818 -10.711 -12.870 -14.604 -15.536 -16.050 -16.039 -16.153 -16.144 -15.717 
2.02020 -11.153 -13.108 -14.678 -15.729 -16.161 -16.403 -16.256 -16.311 -15.958 
2.22222 -11.596 -13.015 -14.717 -15.698 -16.234 -16.318 -16.442 -16.379 -16.155 
2.42424 -11.574 -13.183 -14.625 -15.527 -16.260 -16.347 -16.428 -16.435 -16.198 
2.62626 -11.762 -12.814 -14.389 -15.427 -16.003 -16.203 -16.184 -16.253 -16.192 
2.82828 -11.636 -12.810 -14.101 -15.125 -16.044 -16.104 -16.068 -16.169 -16.076 
3.03030 -11.738 -12.665 -14.159 -15.034 -15.717 -16.031 -16.076 -16.212 -16.019 
3.23232 -11.636 -12.764 -13.941 -15.057 -15.611 -15.959 -15.876 -16.010 -15.710 
3.43434 -11.592 -12.796 -13.861 -14.791 -15.502 -15.742 -15.788 -15.825 -15.910 
3.63636 -11.475 -12.585 -13.846 -14.827 -15.484 -15.583 -15.581 -15.701 -15.856 
3.83838 -11.627 -12.690 -13.762 -14.704 -15.368 -15.630 -15.572 -15.545 -15.556 
4.04040 -11.513 -12.626 -13.681 -14.586 -15.202 -15.460 -15.363 -15.437 -15.351 
4.24242 -11.271 -12.693 -13.553 -14.531 -15.111 -15.392 -15.213 -15.211 -15.284 
4.44444 -11.100 -12.490 -13.551 -14.424 -15.054 -15.262 -15.158 -15.154 -15.339 
4.64646 -10.998 -12.269 -13.481 -14.240 -14.934 -15.175 -15.178 -15.187 -15.125 
4.84848 -11.030 -12.358 -13.481 -14.311 -14.891 -15.142 -15.090 -14.910 -14.948 
5.05051 -11.069 -12.375 -13.439 -14.240 -14.756 -14.971 -14.923 -14.728 -14.904 
5.25253 -10.551 -12.253 -13.193 -14.155 -14.527 -14.850 -14.818 -14.852 -14.877 
5.45455 -10.650 -12.161 -13.197 -14.035 -14.596 -14.902 -14.730 -14.792 -14.778 
5.65657 -10.220 -11.993 -13.226 -13.980 -14.579 -14.762 -14.681 -14.584 -14.623 
5.85859 -10.213 -11.919 -13.193 -13.923 -14.443 -14.688 -14.707 -14.607 -14.487 
6.06061 -10.486 -11.941 -12.948 -13.710 -14.321 -14.760 -14.617 -14.542 -14.353 
6.26263 -10.307 -11.769 -12.811 -13.589 -14.306 -14.624 -14.580 -14.577 -14.359 
6.46465 -9.933 -11.638 -12.876 -13.680 -14.169 -14.469 -14.436 -14.389 -14.356 
6.66667 -9.617 -11.237 -12.684 -13.436 -14.097 -14.407 -14.365 -14.190 -14.187 
6.86869 -9.281 -11.234 -12.482 -13.349 -13.975 -14.204 -14.380 -14.185 -14.087 
7.07071 -9.340 -11.213 -12.515 -13.383 -13.863 -14.188 -14.282 -14.104 -13.885 
7.27273 -8.722 -11.179 -12.316 -13.258 -13.904 -14.269 -14.235 -14.101 -13.993 
7.47475 -8.636 -10.945 -12.235 -13.276 -13.754 -14.074 -14.156 -14.059 -13.946 
7.67677 -8.710 -10.968 -12.240 -13.145 -13.776 -13.991 -14.161 -13.912 -13.929 
7.87879 -8.602 -10.686 -11.992 -12.923 -13.647 -13.963 -14.068 -13.859 -13.849 
8.08081 -7.994 -10.348 -11.945 -12.923 -13.719 -13.871 -13.993 -13.841 -13.672 
8.28283 -8.082 -10.292 -11.647 -12.763 -13.410 -13.814 -13.924 -13.819 -13.617 
8.48485 -7.793 -10.045 -11.756 -12.819 -13.452 -13.855 -13.881 -13.786 -13.499 
8.68687 -7.270 -10.083 -11.727 -12.671 -13.297 -13.830 -13.816 -13.708 -13.524 
8.88889 -7.740 -10.045 -11.646 -12.525 -13.254 -13.638 -13.719 -13.733 -13.647 
9.09091 -7.692 -9.699 -11.351 -12.433 -13.228 -13.461 -13.682 -13.640 -13.456 
9.29293 -6.966 -9.581 -11.293 -12.371 -13.043 -13.381 -13.742 -13.686 -13.544 
9.49495 -7.148 -9.499 -11.202 -12.238 -13.046 -13.351 -13.496 -13.549 -13.388 
9.69697 -6.422 -9.178 -10.970 -12.105 -13.015 -13.410 -13.553 -13.468 -13.348 
9.89899 -6.854 -9.077 -10.972 -12.085 -12.861 -13.258 -13.541 -13.637 -13.360 
10.10101 -6.539 -8.958 -11.011 -11.990 -12.675 -13.096 -13.363 -13.413 -13.394 
10.30303 -6.771 -9.021 -10.634 -12.021 -12.663 -13.093 -13.338 -13.402 -13.295 
10.50505 -6.597 -8.724 -10.682 -11.823 -12.616 -13.021 -13.332 -13.421 -13.288 
10.70707 -5.820 -8.713 -10.552 -11.796 -12.671 -13.083 -13.228 -13.341 -13.203 
10.90909 -5.508 -8.306 -10.379 -11.693 -12.472 -12.905 -13.162 -13.201 -13.099 
11.11111 -5.168 -8.183 -10.266 -11.571 -12.411 -12.835 -13.124 -13.188 -13.116 
11.31313 -6.033 -8.201 -10.174 -11.615 -12.473 -12.816 -13.100 -13.184 -13.085 
11.51515 -5.442 -8.128 -10.070 -11.587 -12.323 -12.635 -13.046 -13.218 -13.013 
11.71717 -4.692 -7.986 -9.936 -11.388 -12.214 -12.677 -13.064 -13.143 -13.128 
11.91919 -5.072 -7.859 -9.883 -11.263 -12.182 -12.642 -12.984 -13.062 -13.033 
12.12121 -4.672 -7.598 -9.777 -11.176 -11.967 -12.509 -12.869 -12.996 -12.897 
12.32323 -4.158 -7.415 -9.541 -11.025 -12.050 -12.442 -12.838 -13.009 -12.926 
12.52525 -3.850 -7.183 -9.553 -11.125 -11.878 -12.432 -12.795 -12.995 -12.968 
12.72727 -4.121 -7.232 -9.468 -11.003 -11.853 -12.371 -12.800 -12.928 -12.894 
12.92929 -3.940 -7.081 -9.290 -10.906 -11.829 -12.296 -12.753 -12.914 -12.855 
13.13131 -3.578 -6.955 -9.224 -10.805 -11.715 -12.274 -12.690 -12.894 -12.881 
13.33333 -3.713 -6.987 -9.165 -10.767 -11.714 -12.240 -12.654 -12.824 -12.776 
13.53535 -3.309 -6.738 -9.132 -10.702 -11.600 -12.139 -12.600 -12.865 -12.815 
13.73737 -3.308 -6.551 -9.106 -10.600 -11.582 -12.070 -12.530 -12.799 -12.808 
13.93939 -3.294 -6.626 -8.943 -10.505 -11.519 -12.065 -12.521 -12.787 -12.798 
14.14141 -3.016 -6.450 -8.609 -10.441 -11.452 -12.029 -12.467 -12.771 -12.759 
14.34343 -2.809 -6.000 -8.764 -10.399 -11.387 -11.912 -12.465 -12.713 -12.754 
14.54545 -3.076 -6.169 -8.542 -10.317 -11.294 -11.966 -12.458 -12.676 -12.702 
14.74747 -2.486 -6.138 -8.505 -10.248 -11.242 -11.873 -12.428 -12.741 -12.827 
14.94949 -2.282 -5.751 -8.400 -10.154 -11.285 -11.778 -12.358 -12.646 -12.701 
15.15152 -2.164 -5.496 -8.174 -10.072 -11.141 -11.768 -12.262 -12.675 -12.717 
15.35354 -2.031 -5.287 -8.278 -10.080 -11.197 -11.715 -12.304 -12.597 -12.671 
15.55556 -1.822 -5.318 -8.119 -9.940 -11.153 -11.690 -12.260 -12.601 -12.659 
15.75758 -1.755 -5.525 -8.062 -9.813 -11.038 -11.618 -12.257 -12.599 -12.687 
15.95960 -1.931 -5.329 -8.003 -9.888 -11.059 -11.572 -12.187 -12.579 -12.629 
16.16162 -1.509 -5.016 -7.951 -9.746 -10.943 -11.551 -12.175 -12.584 -12.698 
16.36364 -1.634 -4.990 -7.903 -9.698 -10.865 -11.529 -12.122 -12.590 -12.629 
16.56566 -1.353 -4.791 -7.650 -9.730 -10.887 -11.499 -12.118 -12.541 -12.642 
16.76768 -1.217 -4.696 -7.603 -9.656 -10.834 -11.503 -12.095 -12.522 -12.578 
16.96970 -1.153 -4.750 -7.413 -9.588 -10.780 -11.375 -12.044 -12.479 -12.593 
17.17172 -1.096 -4.940 -7.401 -9.487 -10.734 -11.391 -12.020 -12.444 -12.556 
17.37374 -1.138 -4.667 -7.285 -9.538 -10.685 -11.389 -12.028 -12.357 -12.561 
17.57576 -0.904 -4.599 -7.282 -9.431 -10.589 -11.268 -11.987 -12.440 -12.599 
17.77778 -0.892 -4.226 -7.277 -9.404 -10.551 -11.287 -11.949 -12.441 -12.628 
17.97980 -0.802 -4.596 -7.290 -9.277 -10.553 -11.212 -11.945 -12.407 -12.556 
18.18182 -0.706 -3.709 -6.990 -9.168 -10.482 -11.189 -11.919 -12.421 -12.524 
18.38384 -0.856 -4.050 -7.075 -9.098 -10.470 -11.183 -11.871 -12.360 -12.514 
18.58586 -0.591 -3.730 -6.934 -9.085 -10.390 -11.099 -11.855 -12.298 -12.503 
18.78788 -0.432 -3.887 -6.676 -9.068 -10.385 -11.036 -11.851 -12.343 -12.527 
18.98990 -0.430 -4.043 -7.009 -9.008 -10.326 -11.010 -11.761 -12.294 -12.542 
19.19192 -0.336 -3.500 -6.483 -8.945 -10.200 -10.956 -11.781 -12.287 -12.465 
19.39394 -0.343 -3.225 -6.670 -8.811 -10.288 -10.916 -11.672 -12.221 -12.396 
19.59596 -0.168 -2.961 -6.460 -8.821 -10.045 -10.843 -11.643 -12.169 -12.382 
19.79798 -0.074 -2.873 -6.328 -8.570 -10.067 -10.818 -11.597 -12.048 -12.368 
20.00000 0.026 -3.011 -6.204 -8.409 -9.884 -10.762 -11.467 -12.019 -12.230 
