# t[days] u g r i z y J H K
0.20202 -10.960 -10.476 -9.797 -9.260 -9.888 -8.237 -9.531 -5.907 -4.852 
0.40404 -12.451 -12.921 -13.863 -14.485 -13.620 -13.581 -13.150 -12.442 -12.253 
0.60606 -14.339 -14.651 -15.079 -15.230 -15.385 -15.000 -14.702 -14.498 -13.313 
0.80808 -13.837 -14.423 -15.289 -15.609 -15.504 -15.542 -15.570 -15.184 -14.292 
1.01010 -13.342 -14.548 -15.369 -15.910 -16.288 -16.251 -16.139 -15.470 -15.273 
1.21212 -12.752 -14.524 -15.555 -16.031 -15.957 -16.240 -16.227 -15.631 -15.503 
1.41414 -12.379 -14.146 -15.332 -16.093 -16.268 -16.434 -16.416 -16.123 -15.926 
1.61616 -10.756 -13.496 -15.124 -16.109 -16.243 -16.353 -16.386 -16.283 -15.918 
1.81818 -11.009 -13.841 -14.890 -15.905 -16.275 -16.507 -16.567 -16.402 -16.025 
2.02020 -10.382 -13.052 -14.687 -15.701 -16.334 -16.453 -16.375 -16.478 -16.315 
2.22222 -10.975 -12.782 -14.450 -15.511 -15.990 -16.091 -16.491 -16.660 -16.301 
2.42424 -10.950 -12.317 -14.080 -15.331 -16.038 -16.043 -16.358 -16.324 -16.558 
2.62626 -11.194 -12.052 -13.832 -15.028 -15.843 -15.865 -16.293 -16.336 -16.331 
2.82828 -11.257 -12.082 -13.432 -14.873 -15.609 -15.827 -16.169 -16.399 -16.180 
3.03030 -11.241 -12.076 -13.319 -14.546 -15.458 -15.869 -16.138 -16.225 -16.196 
3.23232 -11.191 -11.691 -13.018 -14.468 -15.344 -15.608 -15.786 -16.162 -16.402 
3.43434 -11.100 -11.634 -12.689 -14.265 -15.211 -15.452 -15.875 -16.150 -16.031 
3.63636 -10.990 -11.473 -12.676 -13.940 -14.960 -15.404 -15.781 -16.041 -16.008 
3.83838 -10.860 -11.294 -12.393 -14.037 -15.054 -15.303 -15.579 -16.092 -15.989 
4.04040 -10.726 -11.111 -12.338 -13.772 -14.765 -15.174 -15.610 -15.851 -15.874 
4.24242 -10.584 -11.070 -12.166 -13.719 -14.752 -15.038 -15.497 -15.726 -16.087 
4.44444 -10.439 -10.969 -11.893 -13.513 -14.544 -14.842 -15.415 -15.753 -15.914 
4.64646 -10.277 -10.762 -11.782 -13.313 -14.471 -14.775 -15.364 -15.563 -15.875 
4.84848 -10.128 -10.657 -11.587 -13.265 -14.401 -14.735 -15.232 -15.559 -15.956 
5.05051 -9.981 -10.571 -11.422 -13.155 -14.244 -14.578 -15.104 -15.443 -15.669 
5.25253 -9.837 -10.431 -11.610 -13.156 -14.015 -14.575 -15.043 -15.446 -15.650 
5.45455 -9.685 -10.308 -11.343 -12.958 -13.867 -14.410 -14.914 -15.493 -15.463 
5.65657 -9.533 -10.231 -11.076 -12.814 -13.830 -14.337 -14.716 -15.384 -15.654 
5.85859 -9.380 -10.107 -11.227 -12.772 -13.853 -14.344 -14.744 -15.303 -15.433 
6.06061 -9.239 -9.989 -10.961 -12.658 -13.806 -14.222 -14.754 -15.105 -15.395 
6.26263 -9.103 -9.896 -10.929 -12.593 -13.701 -14.194 -14.583 -14.968 -15.289 
6.46465 -8.957 -9.808 -10.851 -12.649 -13.604 -13.980 -14.528 -14.953 -15.210 
6.66667 -8.810 -9.700 -10.889 -12.522 -13.601 -14.072 -14.561 -14.918 -15.311 
6.86869 -8.662 -9.637 -10.821 -12.454 -13.477 -14.034 -14.382 -14.815 -15.055 
7.07071 -8.535 -9.527 -10.669 -12.309 -13.322 -13.738 -14.228 -14.776 -15.039 
7.27273 -8.401 -9.425 -10.558 -12.202 -13.291 -13.798 -14.230 -14.746 -14.952 
7.47475 -8.271 -9.312 -10.738 -12.122 -13.245 -13.630 -14.075 -14.616 -14.974 
7.67677 -8.140 -9.321 -10.679 -12.227 -13.229 -13.741 -14.149 -14.677 -14.828 
7.87879 -8.010 -9.150 -10.572 -12.065 -13.120 -13.635 -14.057 -14.419 -14.935 
8.08081 -7.863 -9.087 -10.468 -12.116 -13.058 -13.523 -13.990 -14.346 -14.866 
8.28283 -7.734 -8.972 -10.577 -12.003 -13.059 -13.527 -13.856 -14.308 -14.785 
8.48485 -7.581 -8.927 -10.381 -11.938 -13.039 -13.443 -13.835 -14.333 -14.594 
8.68687 -7.473 -8.895 -10.379 -11.872 -12.854 -13.394 -13.869 -14.162 -14.453 
8.88889 -7.334 -8.805 -10.429 -11.961 -12.921 -13.354 -13.735 -14.066 -14.510 
9.09091 -7.216 -8.680 -10.448 -11.829 -12.829 -13.295 -13.572 -14.164 -14.496 
9.29293 -7.100 -8.561 -10.238 -11.717 -12.957 -13.246 -13.597 -13.995 -14.343 
9.49495 -6.959 -8.476 -10.076 -11.744 -12.807 -13.235 -13.509 -13.894 -14.366 
9.69697 -6.828 -8.462 -10.200 -11.702 -12.688 -13.238 -13.546 -13.849 -14.251 
9.89899 -6.689 -8.323 -10.187 -11.746 -12.606 -13.063 -13.439 -13.824 -14.137 
10.10101 -6.546 -8.131 -9.935 -11.591 -12.565 -13.090 -13.402 -13.625 -14.070 
10.30303 -6.421 -8.022 -9.847 -11.526 -12.511 -13.074 -13.343 -13.598 -14.050 
10.50505 -6.278 -7.968 -9.889 -11.449 -12.533 -12.958 -13.237 -13.633 -14.148 
10.70707 -6.164 -7.932 -9.780 -11.423 -12.394 -12.852 -13.212 -13.498 -13.891 
10.90909 -6.012 -8.053 -9.789 -11.355 -12.356 -12.797 -13.201 -13.480 -13.899 
11.11111 -5.847 -7.777 -9.727 -11.329 -12.280 -12.740 -13.175 -13.548 -13.847 
11.31313 -5.730 -7.569 -9.721 -11.290 -12.290 -12.685 -13.133 -13.402 -13.716 
11.51515 -5.554 -7.594 -9.530 -11.200 -12.160 -12.682 -13.069 -13.343 -13.676 
11.71717 -5.391 -7.452 -9.465 -11.022 -12.197 -12.567 -13.117 -13.263 -13.546 
11.91919 -5.297 -7.273 -9.499 -10.978 -12.047 -12.487 -13.004 -13.283 -13.530 
12.12121 -5.119 -7.183 -9.255 -10.854 -12.038 -12.528 -12.940 -13.212 -13.494 
12.32323 -5.065 -7.137 -9.271 -10.970 -11.944 -12.418 -12.845 -13.185 -13.566 
12.52525 -4.900 -6.797 -8.969 -10.845 -11.826 -12.452 -12.813 -13.113 -13.430 
12.72727 -4.769 -6.923 -9.334 -10.866 -11.814 -12.348 -12.734 -12.990 -13.346 
12.92929 -4.628 -6.943 -8.986 -10.765 -11.780 -12.303 -12.688 -13.025 -13.341 
13.13131 -4.472 -6.757 -8.904 -10.783 -11.718 -12.257 -12.665 -13.062 -13.237 
13.33333 -4.366 -6.656 -8.881 -10.575 -11.699 -12.263 -12.641 -12.891 -13.273 
13.53535 -4.267 -6.558 -8.774 -10.592 -11.583 -12.139 -12.609 -12.880 -13.115 
13.73737 -4.147 -6.459 -8.770 -10.441 -11.638 -12.166 -12.543 -12.931 -13.155 
13.93939 -4.109 -6.297 -8.508 -10.397 -11.528 -12.108 -12.551 -12.803 -13.087 
14.14141 -3.940 -6.181 -8.631 -10.362 -11.435 -11.960 -12.466 -12.795 -13.110 
14.34343 -3.780 -6.341 -8.520 -10.315 -11.308 -11.957 -12.479 -12.786 -13.165 
14.54545 -3.722 -6.023 -8.489 -10.310 -11.314 -11.965 -12.389 -12.801 -13.029 
14.74747 -3.591 -6.004 -8.182 -10.057 -11.216 -11.907 -12.316 -12.675 -12.915 
14.94949 -3.563 -5.815 -8.154 -10.006 -11.253 -11.871 -12.432 -12.686 -12.854 
15.15152 -3.410 -5.766 -8.209 -10.125 -11.345 -11.799 -12.272 -12.679 -13.048 
15.35354 -3.317 -5.625 -7.989 -9.948 -11.158 -11.760 -12.241 -12.641 -12.853 
15.55556 -3.205 -5.664 -8.077 -9.902 -11.082 -11.654 -12.252 -12.611 -12.808 
15.75758 -3.124 -5.497 -7.914 -9.798 -11.078 -11.609 -12.187 -12.550 -12.983 
15.95960 -3.056 -5.261 -7.873 -9.760 -11.036 -11.614 -12.205 -12.504 -12.833 
16.16162 -2.958 -5.378 -7.654 -9.614 -10.850 -11.566 -12.192 -12.485 -12.705 
16.36364 -2.879 -5.161 -7.644 -9.565 -10.809 -11.502 -12.139 -12.433 -12.741 
16.56566 -2.750 -5.177 -7.576 -9.553 -10.865 -11.436 -12.071 -12.479 -12.616 
16.76768 -2.679 -4.910 -7.559 -9.498 -10.727 -11.389 -12.026 -12.476 -12.731 
16.96970 -2.568 -4.859 -7.367 -9.448 -10.676 -11.412 -11.979 -12.407 -12.591 
17.17172 -2.466 -5.011 -7.394 -9.456 -10.620 -11.394 -11.971 -12.391 -12.572 
17.37374 -2.368 -4.754 -7.485 -9.317 -10.606 -11.301 -11.988 -12.330 -12.634 
17.57576 -2.206 -4.663 -7.340 -9.269 -10.684 -11.356 -11.962 -12.311 -12.559 
17.77778 -2.058 -4.727 -7.243 -9.120 -10.497 -11.185 -11.869 -12.277 -12.486 
17.97980 -2.024 -4.496 -7.060 -9.102 -10.494 -11.192 -11.866 -12.294 -12.589 
18.18182 -1.777 -4.691 -7.154 -9.092 -10.456 -11.077 -11.853 -12.315 -12.536 
18.38384 -1.672 -4.330 -6.981 -9.175 -10.454 -11.139 -11.878 -12.274 -12.483 
18.58586 -1.546 -4.124 -6.888 -9.026 -10.237 -11.074 -11.742 -12.284 -12.499 
18.78788 -1.419 -4.063 -6.842 -8.962 -10.321 -11.038 -11.708 -12.296 -12.448 
18.98990 -1.259 -4.040 -6.679 -8.951 -10.218 -10.969 -11.731 -12.259 -12.530 
19.19192 -1.143 -3.917 -6.828 -8.933 -10.212 -11.001 -11.736 -12.199 -12.402 
19.39394 -1.137 -3.832 -6.498 -8.707 -10.185 -10.937 -11.658 -12.140 -12.443 
19.59596 -0.939 -4.070 -6.475 -8.637 -10.089 -10.797 -11.621 -12.097 -12.366 
19.79798 -0.815 -3.848 -6.200 -8.532 -9.946 -10.726 -11.550 -12.080 -12.310 
20.00000 -0.720 -4.245 -6.457 -8.466 -9.845 -10.722 -11.455 -11.983 -12.299 
