# t[days] u g r i z y J H K
0.20202 -10.770 -10.349 -11.831 -10.855 -12.754 -12.608 -12.256 -13.506 -9.763 
0.40404 -13.627 -13.524 -13.635 -14.197 -14.182 -14.058 -13.332 -13.291 -11.296 
0.60606 -13.144 -14.275 -14.700 -15.240 -15.101 -15.377 -14.928 -14.179 -13.779 
0.80808 -13.051 -14.312 -15.011 -15.592 -15.825 -15.550 -15.586 -14.935 -14.740 
1.01010 -12.370 -13.952 -15.194 -15.673 -15.787 -15.809 -15.658 -15.343 -15.021 
1.21212 -11.795 -13.923 -14.956 -15.541 -15.917 -15.977 -15.691 -15.604 -14.911 
1.41414 -11.164 -13.416 -14.594 -15.576 -15.836 -15.869 -15.878 -15.517 -15.509 
1.61616 -11.216 -12.960 -14.433 -15.411 -15.717 -15.718 -15.867 -15.795 -15.663 
1.81818 -11.190 -12.613 -14.228 -15.215 -15.617 -15.820 -15.909 -15.836 -15.722 
2.02020 -11.021 -12.147 -14.058 -14.882 -15.472 -15.694 -15.715 -15.680 -15.549 
2.22222 -10.967 -12.031 -13.605 -14.700 -15.394 -15.472 -15.520 -15.641 -15.547 
2.42424 -10.823 -11.640 -13.394 -14.629 -15.223 -15.499 -15.587 -15.640 -15.523 
2.62626 -10.626 -11.391 -12.912 -14.263 -14.949 -15.265 -15.421 -15.467 -15.480 
2.82828 -10.450 -11.218 -12.865 -14.130 -14.915 -15.085 -15.369 -15.491 -15.641 
3.03030 -10.259 -11.017 -12.451 -13.848 -14.735 -15.014 -15.207 -15.289 -15.401 
3.23232 -10.063 -10.742 -12.397 -13.774 -14.596 -14.962 -15.134 -15.330 -15.172 
3.43434 -9.876 -10.690 -12.072 -13.634 -14.435 -14.756 -15.025 -15.084 -15.338 
3.63636 -9.671 -10.298 -12.034 -13.559 -14.302 -14.592 -14.865 -15.124 -15.016 
3.83838 -9.459 -10.086 -11.846 -13.384 -14.266 -14.564 -14.789 -15.140 -15.035 
4.04040 -9.254 -9.941 -11.648 -13.237 -14.139 -14.363 -14.767 -14.960 -15.026 
4.24242 -9.071 -9.762 -11.435 -13.146 -14.032 -14.345 -14.594 -14.895 -15.013 
4.44444 -8.872 -9.732 -11.379 -12.937 -13.847 -14.264 -14.454 -14.788 -14.941 
4.64646 -8.681 -9.722 -11.271 -12.852 -13.786 -14.150 -14.373 -14.710 -14.735 
4.84848 -8.457 -9.358 -11.144 -12.757 -13.661 -14.008 -14.329 -14.628 -14.695 
5.05051 -8.269 -9.385 -11.059 -12.629 -13.485 -13.914 -14.136 -14.408 -14.525 
5.25253 -8.077 -9.253 -11.078 -12.513 -13.493 -13.788 -13.956 -14.318 -14.536 
5.45455 -7.906 -9.137 -10.850 -12.442 -13.427 -13.707 -13.948 -14.204 -14.331 
5.65657 -7.726 -8.985 -10.901 -12.332 -13.252 -13.628 -13.832 -14.178 -14.306 
5.85859 -7.560 -8.894 -10.715 -12.222 -13.109 -13.518 -13.687 -14.007 -14.202 
6.06061 -7.387 -8.883 -10.743 -12.182 -13.035 -13.403 -13.652 -13.848 -14.034 
6.26263 -7.163 -8.624 -10.563 -12.094 -12.889 -13.413 -13.614 -13.894 -14.143 
6.46465 -6.990 -8.659 -10.533 -12.055 -12.848 -13.258 -13.479 -13.726 -13.984 
6.66667 -6.770 -8.559 -10.490 -11.818 -12.803 -13.176 -13.433 -13.709 -13.976 
6.86869 -6.666 -8.432 -10.288 -11.885 -12.706 -13.119 -13.374 -13.553 -13.852 
7.07071 -6.372 -8.268 -10.284 -11.765 -12.757 -13.071 -13.275 -13.571 -13.724 
7.27273 -6.171 -8.204 -10.221 -11.694 -12.535 -12.903 -13.188 -13.366 -13.593 
7.47475 -6.018 -8.158 -10.105 -11.605 -12.468 -12.866 -13.078 -13.310 -13.566 
7.67677 -5.824 -8.121 -10.087 -11.554 -12.470 -12.785 -13.027 -13.320 -13.470 
7.87879 -5.669 -7.851 -10.162 -11.499 -12.332 -12.738 -12.983 -13.206 -13.428 
8.08081 -5.450 -7.714 -9.852 -11.417 -12.237 -12.631 -12.899 -13.072 -13.407 
8.28283 -5.281 -7.698 -9.811 -11.364 -12.221 -12.622 -12.752 -13.081 -13.300 
8.48485 -5.114 -7.465 -9.691 -11.234 -12.175 -12.501 -12.776 -13.077 -13.295 
8.68687 -5.016 -7.542 -9.602 -11.123 -12.062 -12.471 -12.736 -12.929 -13.042 
8.88889 -4.815 -7.345 -9.512 -11.022 -12.013 -12.451 -12.640 -12.829 -13.048 
9.09091 -4.652 -7.183 -9.373 -10.996 -11.973 -12.298 -12.562 -12.756 -12.967 
9.29293 -4.554 -7.206 -9.336 -10.943 -11.858 -12.242 -12.578 -12.718 -12.923 
9.49495 -4.276 -7.037 -9.312 -10.842 -11.751 -12.188 -12.476 -12.673 -13.006 
9.69697 -4.266 -6.959 -9.108 -10.812 -11.744 -12.154 -12.441 -12.642 -12.855 
9.89899 -4.149 -6.718 -9.112 -10.672 -11.641 -12.046 -12.415 -12.596 -12.709 
10.10101 -3.853 -6.795 -9.073 -10.734 -11.646 -11.969 -12.341 -12.526 -12.687 
10.30303 -3.653 -6.468 -9.028 -10.608 -11.464 -12.048 -12.289 -12.531 -12.684 
10.50505 -3.391 -6.523 -8.776 -10.508 -11.540 -11.961 -12.250 -12.484 -12.680 
10.70707 -3.296 -6.250 -8.713 -10.387 -11.443 -11.871 -12.204 -12.484 -12.551 
10.90909 -3.193 -6.299 -8.670 -10.334 -11.312 -11.781 -12.242 -12.421 -12.550 
11.11111 -2.921 -6.273 -8.614 -10.325 -11.334 -11.785 -12.177 -12.420 -12.644 
11.31313 -2.823 -5.886 -8.414 -10.231 -11.268 -11.817 -12.141 -12.348 -12.478 
11.51515 -2.661 -5.974 -8.590 -10.161 -11.201 -11.717 -12.114 -12.345 -12.501 
11.71717 -2.568 -5.639 -8.412 -10.070 -11.163 -11.599 -12.090 -12.327 -12.585 
11.91919 -2.442 -5.776 -8.284 -10.079 -11.132 -11.595 -12.057 -12.282 -12.441 
12.12121 -2.281 -5.557 -8.115 -10.045 -11.187 -11.602 -12.029 -12.302 -12.462 
12.32323 -2.271 -5.268 -8.114 -9.905 -10.960 -11.517 -12.005 -12.238 -12.405 
12.52525 -2.218 -5.419 -7.975 -9.874 -10.918 -11.537 -11.927 -12.220 -12.368 
12.72727 -1.950 -5.293 -7.931 -9.857 -10.872 -11.417 -11.943 -12.216 -12.343 
12.92929 -1.878 -5.026 -7.777 -9.787 -10.841 -11.408 -11.913 -12.198 -12.292 
13.13131 -1.763 -5.084 -7.705 -9.665 -10.835 -11.403 -11.872 -12.209 -12.350 
13.33333 -1.643 -4.861 -7.646 -9.626 -10.758 -11.341 -11.851 -12.126 -12.295 
13.53535 -1.534 -4.554 -7.571 -9.577 -10.735 -11.333 -11.833 -12.138 -12.308 
13.73737 -1.431 -4.595 -7.564 -9.489 -10.724 -11.336 -11.786 -12.120 -12.250 
13.93939 -1.309 -4.274 -7.384 -9.490 -10.579 -11.189 -11.738 -12.080 -12.238 
14.14141 -1.182 -4.455 -7.353 -9.440 -10.559 -11.195 -11.706 -12.066 -12.202 
14.34343 -1.044 -4.347 -7.428 -9.328 -10.512 -11.281 -11.706 -12.011 -12.238 
14.54545 -1.009 -4.113 -7.234 -9.295 -10.507 -11.092 -11.676 -11.999 -12.197 
14.74747 -0.789 -4.038 -7.116 -9.232 -10.441 -11.048 -11.639 -12.037 -12.183 
14.94949 -0.644 -4.220 -6.912 -9.173 -10.350 -11.053 -11.558 -11.976 -12.146 
15.15152 -0.488 -3.802 -6.898 -9.108 -10.290 -10.943 -11.530 -12.010 -12.087 
15.35354 -0.346 -3.485 -6.806 -9.004 -10.237 -10.879 -11.516 -11.895 -12.141 
15.55556 -0.178 -3.713 -6.865 -9.033 -10.229 -10.973 -11.486 -11.905 -12.081 
15.75758 -0.041 -3.778 -6.599 -8.871 -10.167 -10.786 -11.522 -11.863 -12.104 
15.95960 0.106 -2.945 -6.772 -8.751 -10.071 -10.775 -11.463 -11.847 -12.058 
16.16162 0.277 -3.511 -6.443 -8.844 -10.046 -10.712 -11.389 -11.848 -12.006 
16.36364 0.423 -3.701 -6.512 -8.755 -9.968 -10.683 -11.379 -11.787 -11.987 
16.56566 0.498 -2.863 -6.494 -8.583 -9.953 -10.664 -11.337 -11.817 -11.980 
16.76768 0.639 -2.921 -6.405 -8.544 -9.909 -10.604 -11.343 -11.811 -11.955 
16.96970 0.760 -2.657 -6.332 -8.517 -9.853 -10.539 -11.270 -11.730 -11.969 
17.17172 0.822 -2.362 -6.256 -8.485 -9.751 -10.509 -11.135 -11.759 -11.970 
17.37374 1.016 -2.875 -6.029 -8.374 -9.724 -10.448 -11.208 -11.717 -11.878 
17.57576 1.129 -2.650 -6.027 -8.325 -9.713 -10.381 -11.092 -11.661 -11.892 
17.77778 1.318 -2.332 -5.811 -8.266 -9.608 -10.287 -11.080 -11.568 -11.900 
17.97980 1.502 -2.234 -5.730 -8.212 -9.666 -10.288 -11.033 -11.561 -11.830 
18.18182 1.521 -2.509 -5.681 -8.117 -9.458 -10.164 -10.995 -11.538 -11.757 
18.38384 1.616 -1.955 -5.667 -8.145 -9.411 -10.228 -10.930 -11.480 -11.815 
18.58586 1.868 -1.463 -5.615 -8.023 -9.521 -10.082 -10.919 -11.489 -11.829 
18.78788 1.262 -2.220 -5.382 -7.929 -9.384 -10.042 -10.868 -11.419 -11.741 
18.98990 1.851 -1.598 -5.709 -7.988 -9.240 -10.000 -10.817 -11.422 -11.678 
19.19192 2.395 -1.672 -5.202 -7.746 -9.173 -9.918 -10.743 -11.362 -11.691 
19.39394 2.395 -1.263 -5.092 -7.687 -9.091 -9.889 -10.632 -11.317 -11.632 
19.59596 2.571 -2.562 -5.113 -7.663 -9.082 -9.743 -10.592 -11.219 -11.544 
19.79798 2.747 -0.989 -5.056 -7.453 -8.881 -9.645 -10.520 -11.156 -11.484 
20.00000 2.797 -0.824 -4.741 -7.303 -8.793 -9.521 -10.425 -11.027 -11.363 
