# t[days] u g r i z y J H K
0.20202 -10.840 -10.476 -10.577 -11.339 -11.643 -12.998 -11.471 -10.405 -8.703 
0.40404 -12.947 -13.277 -13.747 -14.114 -14.115 -14.017 -13.573 -13.282 -12.547 
0.60606 -12.764 -13.885 -14.493 -14.922 -14.964 -14.755 -14.525 -14.387 -13.533 
0.80808 -12.320 -13.832 -14.557 -14.988 -15.202 -15.240 -14.888 -14.525 -14.402 
1.01010 -11.875 -13.397 -14.437 -15.032 -15.286 -15.152 -14.930 -14.655 -14.396 
1.21212 -11.134 -12.834 -14.090 -14.861 -15.168 -15.119 -15.066 -14.879 -14.450 
1.41414 -10.476 -12.246 -13.653 -14.580 -14.994 -14.945 -15.015 -14.798 -14.488 
1.61616 -10.113 -11.681 -13.313 -14.259 -14.773 -14.855 -14.879 -14.772 -14.605 
1.81818 -9.662 -11.256 -12.938 -14.033 -14.621 -14.758 -14.739 -14.672 -14.660 
2.02020 -9.318 -10.833 -12.588 -13.779 -14.388 -14.609 -14.640 -14.689 -14.491 
2.22222 -9.008 -10.255 -12.280 -13.564 -14.224 -14.405 -14.522 -14.610 -14.564 
2.42424 -8.659 -10.044 -12.006 -13.287 -14.051 -14.274 -14.453 -14.546 -14.445 
2.62626 -8.315 -9.579 -11.649 -13.130 -13.857 -14.100 -14.365 -14.386 -14.406 
2.82828 -7.975 -9.404 -11.502 -12.963 -13.671 -13.974 -14.229 -14.327 -14.390 
3.03030 -7.633 -9.075 -11.225 -12.721 -13.623 -13.822 -14.094 -14.274 -14.326 
3.23232 -7.289 -8.642 -10.967 -12.505 -13.347 -13.663 -13.966 -14.165 -14.220 
3.43434 -6.927 -8.306 -10.592 -12.278 -13.124 -13.458 -13.814 -14.052 -14.131 
3.63636 -6.596 -8.051 -10.385 -12.114 -13.032 -13.216 -13.602 -13.903 -14.086 
3.83838 -6.203 -7.698 -10.120 -11.947 -12.797 -13.138 -13.481 -13.736 -13.869 
4.04040 -5.856 -7.505 -9.958 -11.705 -12.631 -12.967 -13.305 -13.673 -13.743 
4.24242 -5.513 -7.226 -9.783 -11.493 -12.431 -12.749 -13.152 -13.470 -13.649 
4.44444 -5.195 -7.070 -9.689 -11.338 -12.285 -12.674 -12.964 -13.370 -13.531 
4.64646 -4.866 -6.767 -9.325 -11.265 -12.131 -12.415 -12.841 -13.275 -13.453 
4.84848 -4.601 -6.719 -9.259 -10.993 -11.951 -12.254 -12.714 -13.146 -13.386 
5.05051 -4.360 -6.461 -9.104 -10.855 -11.806 -12.112 -12.611 -12.899 -13.200 
5.25253 -4.122 -6.229 -8.987 -10.772 -11.678 -12.025 -12.451 -12.798 -13.163 
5.45455 -3.844 -6.285 -8.857 -10.676 -11.544 -11.956 -12.285 -12.750 -13.055 
5.65657 -3.613 -5.911 -8.742 -10.580 -11.486 -11.779 -12.144 -12.605 -12.938 
5.85859 -3.375 -5.898 -8.603 -10.501 -11.344 -11.685 -12.098 -12.507 -12.742 
6.06061 -3.149 -5.690 -8.519 -10.369 -11.290 -11.594 -12.009 -12.468 -12.783 
6.26263 -2.881 -5.652 -8.455 -10.235 -11.225 -11.524 -11.875 -12.323 -12.679 
6.46465 -2.652 -5.525 -8.390 -10.132 -11.043 -11.389 -11.789 -12.228 -12.574 
6.66667 -2.461 -5.507 -8.323 -10.083 -10.963 -11.265 -11.695 -12.145 -12.575 
6.86869 -2.275 -5.520 -8.294 -9.988 -10.966 -11.278 -11.588 -12.005 -12.532 
7.07071 -2.063 -5.439 -8.156 -9.911 -10.809 -11.119 -11.550 -11.937 -12.324 
7.27273 -1.803 -5.086 -8.048 -9.864 -10.751 -11.004 -11.423 -11.883 -12.228 
7.47475 -1.542 -4.961 -7.919 -9.732 -10.674 -11.015 -11.363 -11.851 -12.221 
7.67677 -1.374 -5.026 -7.879 -9.648 -10.592 -10.921 -11.236 -11.745 -12.101 
7.87879 -1.082 -4.832 -7.872 -9.623 -10.554 -10.792 -11.223 -11.691 -12.094 
8.08081 -0.908 -4.705 -7.798 -9.530 -10.331 -10.765 -11.143 -11.616 -11.958 
8.28283 -0.901 -4.493 -7.580 -9.438 -10.305 -10.663 -11.035 -11.590 -11.933 
8.48485 -0.396 -4.516 -7.448 -9.251 -10.200 -10.540 -10.944 -11.419 -11.831 
8.68687 -0.272 -4.452 -7.493 -9.296 -10.166 -10.465 -10.901 -11.381 -11.785 
8.88889 0.087 -4.352 -7.319 -9.183 -10.129 -10.375 -10.763 -11.283 -11.722 
9.09091 0.316 -4.125 -7.232 -9.043 -10.036 -10.294 -10.739 -11.271 -11.646 
9.29293 0.618 -4.354 -7.098 -8.946 -9.927 -10.155 -10.670 -11.173 -11.556 
9.49495 0.737 -4.309 -7.112 -8.877 -9.822 -10.134 -10.601 -11.099 -11.497 
9.69697 1.048 -3.823 -7.074 -8.742 -9.753 -10.034 -10.476 -11.038 -11.427 
9.89899 1.231 -3.493 -6.914 -8.746 -9.633 -9.977 -10.520 -10.969 -11.405 
10.10101 1.466 -3.547 -6.840 -8.610 -9.487 -9.790 -10.411 -10.919 -11.339 
10.30303 1.754 -3.108 -6.626 -8.555 -9.459 -9.868 -10.330 -10.877 -11.313 
10.50505 1.854 -3.246 -6.470 -8.460 -9.354 -9.704 -10.244 -10.815 -11.181 
10.70707 1.854 -3.195 -6.430 -8.410 -9.328 -9.686 -10.195 -10.779 -11.104 
10.90909 2.434 -2.948 -6.410 -8.297 -9.239 -9.576 -10.203 -10.674 -11.117 
11.11111 2.525 -2.851 -6.305 -8.238 -9.156 -9.504 -10.105 -10.616 -11.071 
11.31313 2.906 -3.089 -6.304 -8.082 -8.918 -9.422 -9.980 -10.519 -11.070 
11.51515 2.082 -2.924 -6.122 -8.069 -9.019 -9.395 -9.933 -10.577 -10.936 
11.71717 2.903 -2.353 -5.942 -8.011 -8.955 -9.268 -9.879 -10.453 -10.963 
11.91919 3.328 -2.716 -6.007 -7.888 -8.808 -9.189 -9.905 -10.403 -10.891 
12.12121 3.703 -2.597 -5.956 -7.804 -8.819 -9.163 -9.802 -10.425 -10.803 
12.32323 3.940 -2.177 -5.768 -7.722 -8.615 -9.072 -9.740 -10.351 -10.747 
12.52525 3.769 -2.610 -5.658 -7.726 -8.685 -9.028 -9.652 -10.266 -10.728 
12.72727 4.260 -2.153 -5.490 -7.522 -8.551 -8.882 -9.577 -10.204 -10.638 
12.92929 4.303 -1.899 -5.396 -7.533 -8.471 -8.838 -9.593 -10.303 -10.635 
13.13131 4.331 -2.229 -5.348 -7.389 -8.433 -8.710 -9.517 -10.121 -10.590 
13.33333 4.849 -1.694 -5.393 -7.250 -8.296 -8.707 -9.451 -10.120 -10.593 
13.53535 4.534 -2.130 -5.146 -7.300 -8.237 -8.619 -9.380 -10.082 -10.517 
13.73737 5.287 -2.166 -5.198 -7.159 -8.128 -8.579 -9.323 -10.033 -10.512 
13.93939 4.871 -1.142 -5.094 -7.077 -8.104 -8.523 -9.257 -9.998 -10.423 
14.14141 5.262 -1.544 -5.020 -7.058 -8.004 -8.513 -9.174 -9.934 -10.421 
14.34343 5.722 -1.938 -4.902 -6.830 -7.983 -8.371 -9.215 -9.893 -10.395 
14.54545 5.892 -1.288 -4.792 -6.858 -7.949 -8.327 -9.144 -9.852 -10.363 
14.74747 5.713 -1.310 -4.741 -6.846 -7.837 -8.220 -9.071 -9.793 -10.390 
14.94949 5.970 -1.094 -4.623 -6.727 -7.759 -8.175 -9.035 -9.789 -10.282 
15.15152 6.365 -0.764 -4.565 -6.677 -7.688 -8.103 -8.972 -9.742 -10.320 
15.35354 6.669 -1.110 -4.346 -6.668 -7.553 -8.065 -8.942 -9.724 -10.219 
15.55556 5.307 -0.396 -4.537 -6.544 -7.602 -7.987 -8.841 -9.664 -10.210 
15.75758 5.426 -0.494 -4.412 -6.296 -7.492 -7.839 -8.811 -9.590 -10.161 
15.95960 7.439 -1.209 -4.401 -6.299 -7.451 -7.911 -8.699 -9.594 -10.164 
16.16162 7.092 -0.569 -4.270 -6.410 -7.351 -7.803 -8.667 -9.585 -10.093 
16.36364 7.223 -0.173 -4.027 -6.212 -7.273 -7.746 -8.631 -9.482 -10.089 
16.56566 7.567 -0.466 -3.963 -6.112 -7.126 -7.726 -8.621 -9.470 -10.080 
16.76768 8.150 -0.941 -3.941 -6.100 -7.078 -7.522 -8.550 -9.437 -9.985 
16.96970 7.805 -0.009 -3.743 -5.886 -6.929 -7.494 -8.524 -9.385 -10.023 
17.17172 8.056 -0.315 -3.779 -6.040 -6.900 -7.389 -8.410 -9.329 -9.933 
17.37374 7.381 0.577 -3.852 -5.773 -6.906 -7.515 -8.359 -9.330 -9.906 
17.57576 8.659 -0.553 -3.407 -5.641 -6.655 -7.210 -8.348 -9.253 -9.945 
17.77778 9.518 -0.078 -3.690 -5.771 -6.785 -7.257 -8.362 -9.161 -9.887 
17.97980 8.223 0.174 -3.560 -5.532 -6.688 -7.126 -8.308 -9.175 -9.809 
18.18182 8.961 0.519 -3.364 -5.618 -6.675 -7.100 -8.205 -9.170 -9.745 
18.38384 9.173 0.607 -3.169 -5.307 -6.662 -7.180 -8.105 -9.083 -9.766 
18.58586 10.433 1.682 -3.060 -5.367 -6.479 -7.041 -8.188 -9.114 -9.771 
18.78788 8.671 1.167 -3.033 -5.237 -6.397 -6.889 -8.121 -9.039 -9.691 
18.98990 10.010 0.748 -2.947 -5.175 -6.076 -6.853 -8.050 -9.009 -9.645 
19.19192 8.327 0.851 -2.635 -5.086 -6.235 -6.677 -7.916 -8.972 -9.601 
19.39394 9.012 -0.089 -2.765 -4.870 -6.248 -6.766 -7.781 -8.958 -9.527 
19.59596 7.793 1.227 -2.655 -4.895 -6.203 -6.712 -7.770 -8.840 -9.503 
19.79798 7.359 1.969 -2.330 -4.753 -5.951 -6.421 -7.634 -8.668 -9.388 
20.00000 9.151 2.034 -2.547 -4.550 -5.604 -6.356 -7.474 -8.496 -9.160 
