# t[days] u g r i z y J H K
0.20202 -10.713 -10.878 -11.827 -10.666 -10.257 -9.345 -6.762 -6.424 -6.254 
0.40404 -13.755 -13.830 -14.425 -14.460 -13.592 -12.998 -13.889 -10.720 -8.147 
0.60606 -14.408 -14.537 -15.297 -15.388 -15.136 -14.957 -14.721 -14.348 -13.914 
0.80808 -14.408 -15.277 -15.499 -15.842 -15.952 -15.799 -15.293 -15.346 -15.295 
1.01010 -14.399 -15.370 -15.958 -16.024 -16.102 -16.115 -15.882 -15.541 -15.268 
1.21212 -14.022 -15.265 -15.968 -16.336 -16.287 -16.240 -16.229 -15.648 -15.753 
1.41414 -13.601 -15.121 -15.809 -16.199 -16.389 -16.324 -16.182 -16.162 -15.591 
1.61616 -13.083 -14.742 -15.749 -16.155 -16.403 -16.371 -16.424 -16.103 -15.960 
1.81818 -12.725 -14.496 -15.451 -15.971 -16.266 -16.460 -16.279 -16.161 -15.617 
2.02020 -12.402 -14.302 -15.246 -15.853 -16.224 -16.248 -16.265 -16.157 -15.963 
2.22222 -11.994 -13.842 -14.931 -15.659 -16.069 -15.975 -16.138 -16.152 -15.845 
2.42424 -11.535 -13.462 -14.652 -15.463 -15.764 -15.787 -16.081 -16.104 -15.818 
2.62626 -11.335 -13.241 -14.395 -15.240 -15.611 -15.780 -15.826 -15.991 -15.876 
2.82828 -11.098 -12.878 -14.101 -14.965 -15.488 -15.570 -15.837 -15.780 -15.789 
3.03030 -10.917 -12.446 -13.847 -14.646 -15.295 -15.389 -15.665 -15.777 -15.749 
3.23232 -10.553 -12.201 -13.557 -14.549 -15.068 -15.209 -15.589 -15.673 -15.638 
3.43434 -10.401 -11.833 -13.207 -14.234 -14.760 -15.214 -15.472 -15.511 -15.648 
3.63636 -10.205 -11.672 -12.888 -13.998 -14.857 -15.081 -15.362 -15.534 -15.351 
3.83838 -10.115 -11.424 -12.772 -13.948 -14.568 -14.886 -15.223 -15.477 -15.550 
4.04040 -9.861 -11.405 -12.592 -13.839 -14.419 -14.651 -15.063 -15.443 -15.538 
4.24242 -9.685 -11.142 -12.427 -13.689 -14.311 -14.559 -15.012 -15.317 -15.456 
4.44444 -9.487 -10.823 -12.203 -13.560 -14.226 -14.482 -14.927 -15.277 -15.407 
4.64646 -9.432 -10.891 -12.039 -13.210 -14.047 -14.383 -14.794 -15.143 -15.381 
4.84848 -9.177 -10.413 -11.953 -13.189 -13.948 -14.325 -14.696 -15.080 -15.205 
5.05051 -8.975 -10.289 -11.791 -13.039 -13.859 -14.081 -14.571 -14.982 -15.235 
5.25253 -8.811 -10.251 -11.681 -13.102 -13.598 -14.132 -14.569 -14.936 -15.240 
5.45455 -8.646 -9.876 -11.502 -12.863 -13.638 -13.914 -14.603 -14.918 -15.204 
5.65657 -8.480 -10.008 -11.366 -12.739 -13.514 -13.902 -14.381 -14.959 -15.141 
5.85859 -8.323 -9.723 -11.288 -12.630 -13.308 -13.863 -14.306 -14.788 -15.066 
6.06061 -8.259 -9.601 -10.857 -12.426 -13.351 -13.673 -14.239 -14.694 -14.947 
6.26263 -7.983 -9.363 -10.872 -12.303 -13.151 -13.584 -14.131 -14.649 -14.922 
6.46465 -7.831 -9.297 -10.835 -12.107 -13.051 -13.599 -14.071 -14.528 -14.841 
6.66667 -7.663 -9.424 -10.867 -12.052 -12.962 -13.349 -13.978 -14.522 -14.780 
6.86869 -7.518 -9.159 -10.676 -11.949 -12.803 -13.389 -13.906 -14.505 -14.792 
7.07071 -7.372 -8.723 -10.515 -11.831 -12.820 -13.233 -13.842 -14.322 -14.625 
7.27273 -7.231 -8.700 -10.206 -11.746 -12.718 -13.184 -13.796 -14.252 -14.663 
7.47475 -7.054 -8.780 -10.131 -11.599 -12.508 -13.164 -13.635 -14.292 -14.610 
7.67677 -6.820 -8.361 -10.081 -11.611 -12.540 -12.995 -13.657 -14.174 -14.552 
7.87879 -6.638 -8.480 -9.999 -11.441 -12.380 -12.901 -13.477 -14.031 -14.401 
8.08081 -6.572 -8.380 -9.885 -11.222 -12.271 -12.654 -13.452 -14.051 -14.450 
8.28283 -6.304 -8.052 -9.582 -11.165 -12.223 -12.688 -13.328 -13.851 -14.345 
8.48485 -6.275 -7.870 -9.634 -11.124 -12.143 -12.647 -13.190 -13.839 -14.317 
8.68687 -5.954 -7.640 -9.311 -10.949 -12.037 -12.598 -13.236 -13.812 -14.288 
8.88889 -6.086 -7.447 -9.402 -11.005 -12.033 -12.471 -13.062 -13.684 -14.115 
9.09091 -5.765 -7.489 -9.368 -10.740 -11.833 -12.347 -13.020 -13.682 -14.108 
9.29293 -5.451 -7.125 -9.118 -10.662 -11.803 -12.248 -12.942 -13.620 -13.976 
9.49495 -5.326 -7.266 -8.921 -10.572 -11.805 -12.196 -12.804 -13.533 -14.031 
9.69697 -5.142 -6.891 -8.873 -10.660 -11.684 -12.150 -12.804 -13.382 -13.912 
9.89899 -4.988 -6.766 -8.715 -10.505 -11.588 -12.056 -12.787 -13.353 -13.846 
10.10101 -4.871 -6.681 -8.730 -10.326 -11.580 -12.088 -12.603 -13.266 -13.748 
10.30303 -4.742 -6.414 -8.868 -10.541 -11.369 -12.065 -12.590 -13.207 -13.744 
10.50505 -4.544 -6.484 -8.371 -10.367 -11.475 -11.936 -12.473 -13.257 -13.719 
10.70707 -4.474 -6.606 -8.381 -10.153 -11.240 -11.832 -12.446 -13.034 -13.608 
10.90909 -4.303 -6.111 -8.181 -10.083 -11.167 -11.731 -12.423 -13.017 -13.565 
11.11111 -4.144 -6.129 -8.115 -10.007 -11.068 -11.659 -12.328 -12.999 -13.530 
11.31313 -4.033 -5.903 -7.993 -9.929 -11.052 -11.604 -12.259 -12.868 -13.362 
11.51515 -3.928 -5.961 -8.060 -9.799 -11.008 -11.528 -12.243 -12.824 -13.368 
11.71717 -3.710 -5.753 -8.018 -9.759 -10.905 -11.563 -12.198 -12.780 -13.294 
11.91919 -3.583 -5.859 -7.726 -9.769 -10.857 -11.374 -12.070 -12.651 -13.263 
12.12121 -3.433 -5.481 -7.968 -9.848 -10.814 -11.361 -11.986 -12.628 -13.133 
12.32323 -3.918 -5.709 -7.684 -9.536 -10.755 -11.336 -11.985 -12.606 -13.134 
12.52525 -3.147 -5.329 -7.462 -9.501 -10.825 -11.307 -11.873 -12.571 -13.174 
12.72727 -2.992 -5.423 -7.384 -9.392 -10.646 -11.169 -11.853 -12.459 -13.139 
12.92929 -2.794 -5.084 -7.298 -9.284 -10.661 -11.296 -11.764 -12.371 -13.035 
13.13131 -2.659 -5.162 -7.240 -9.191 -10.450 -11.170 -11.748 -12.372 -12.955 
13.33333 -2.505 -4.802 -7.158 -9.104 -10.477 -11.065 -11.705 -12.420 -12.949 
13.53535 -2.418 -5.065 -7.356 -9.208 -10.389 -11.050 -11.694 -12.340 -12.857 
13.73737 -2.418 -4.769 -7.074 -9.079 -10.381 -10.968 -11.667 -12.233 -12.811 
13.93939 -2.103 -4.867 -6.933 -9.101 -10.374 -10.948 -11.642 -12.263 -12.745 
14.14141 -2.000 -4.453 -7.140 -8.958 -10.351 -10.895 -11.581 -12.200 -12.712 
14.34343 -1.919 -4.383 -6.944 -8.945 -10.279 -10.873 -11.555 -12.173 -12.703 
14.54545 -1.824 -4.535 -7.005 -8.967 -10.261 -10.882 -11.586 -12.159 -12.655 
14.74747 -1.714 -4.154 -6.945 -8.815 -10.107 -10.821 -11.456 -12.139 -12.667 
14.94949 -1.625 -3.998 -6.741 -8.826 -10.111 -10.727 -11.483 -12.079 -12.546 
15.15152 -1.511 -4.351 -6.478 -8.721 -10.080 -10.762 -11.462 -12.079 -12.620 
15.35354 -1.459 -3.919 -6.382 -8.713 -10.203 -10.697 -11.470 -12.020 -12.523 
15.55556 -1.381 -3.853 -6.420 -8.640 -9.882 -10.651 -11.366 -11.942 -12.513 
15.75758 -1.248 -3.774 -6.423 -8.525 -10.006 -10.632 -11.398 -12.029 -12.506 
15.95960 -1.202 -3.501 -6.330 -8.497 -9.865 -10.577 -11.347 -11.886 -12.440 
16.16162 -1.142 -3.664 -6.083 -8.596 -9.860 -10.583 -11.299 -11.897 -12.441 
16.36364 -1.387 -3.448 -6.197 -8.321 -9.871 -10.574 -11.252 -11.874 -12.366 
16.56566 -0.934 -3.330 -6.119 -8.318 -9.797 -10.501 -11.162 -11.804 -12.434 
16.76768 -0.845 -2.988 -6.219 -8.350 -9.724 -10.388 -11.135 -11.800 -12.332 
16.96970 -0.716 -3.398 -6.156 -8.176 -9.744 -10.418 -11.166 -11.773 -12.283 
17.17172 -0.634 -4.539 -5.972 -8.197 -9.623 -10.410 -11.061 -11.693 -12.333 
17.37374 -0.510 -2.959 -5.813 -8.123 -9.600 -10.341 -11.146 -11.736 -12.263 
17.57576 -0.394 -3.307 -5.591 -7.992 -9.618 -10.218 -11.044 -11.699 -12.148 
17.77778 -0.248 -2.699 -5.546 -8.086 -9.425 -10.213 -11.048 -11.649 -12.098 
17.97980 -0.162 -3.404 -5.636 -7.991 -9.455 -10.227 -11.013 -11.663 -12.171 
18.18182 -0.056 -2.447 -5.385 -7.983 -9.475 -10.208 -11.029 -11.626 -12.051 
18.38384 0.134 -2.343 -5.574 -8.150 -9.448 -10.133 -10.993 -11.617 -12.083 
18.58586 0.121 -2.301 -5.382 -7.897 -9.311 -10.095 -10.894 -11.592 -12.070 
18.78788 0.382 -2.337 -5.185 -7.741 -9.350 -10.062 -10.898 -11.571 -12.053 
18.98990 0.578 -2.179 -5.236 -7.639 -9.237 -10.091 -10.847 -11.590 -11.994 
19.19192 0.579 -1.984 -5.045 -7.620 -9.209 -9.956 -10.801 -11.471 -11.951 
19.39394 0.758 -2.807 -5.072 -7.465 -9.111 -10.025 -10.799 -11.457 -11.916 
19.59596 0.971 -1.770 -4.846 -7.369 -9.009 -9.881 -10.724 -11.449 -11.811 
19.79798 1.003 -2.211 -4.601 -7.282 -9.099 -9.787 -10.645 -11.319 -11.798 
20.00000 1.219 -1.514 -4.630 -7.251 -8.880 -9.674 -10.537 -11.214 -11.766 
