# t[days] u g r i z y J H K
0.20202 -10.588 -10.349 -9.742 -9.055 -8.281 -9.220 -8.837 -5.510 -4.124 
0.40404 -12.711 -13.578 -13.593 -14.370 -13.333 -12.663 -13.169 -9.791 -9.489 
0.60606 -14.272 -14.338 -14.558 -14.998 -15.283 -15.581 -14.714 -13.533 -13.926 
0.80808 -14.190 -14.916 -15.278 -15.732 -16.012 -15.800 -15.376 -14.900 -14.555 
1.01010 -13.660 -14.928 -15.584 -15.977 -16.010 -16.065 -15.665 -15.723 -15.515 
1.21212 -13.375 -14.642 -15.673 -15.970 -16.130 -16.326 -16.129 -15.876 -15.570 
1.41414 -13.038 -14.652 -15.578 -16.206 -16.267 -16.434 -16.319 -16.277 -15.933 
1.61616 -12.584 -14.225 -15.200 -16.146 -16.445 -16.525 -16.296 -16.293 -16.157 
1.81818 -12.214 -13.627 -15.207 -16.011 -16.382 -16.296 -16.464 -16.342 -16.052 
2.02020 -11.514 -13.207 -14.763 -15.858 -16.328 -16.250 -16.441 -16.382 -15.859 
2.22222 -11.203 -13.215 -14.719 -15.743 -16.030 -16.268 -16.450 -16.430 -16.270 
2.42424 -11.317 -12.506 -14.237 -15.421 -15.959 -16.180 -16.319 -16.529 -16.378 
2.62626 -11.243 -12.440 -14.100 -15.212 -15.772 -16.070 -16.314 -16.260 -16.187 
2.82828 -11.233 -12.108 -13.652 -14.918 -15.561 -15.748 -16.044 -16.207 -16.140 
3.03030 -11.194 -11.750 -13.441 -14.540 -15.470 -15.785 -15.973 -16.187 -16.189 
3.23232 -11.118 -11.734 -12.921 -14.449 -15.128 -15.552 -15.880 -16.080 -16.093 
3.43434 -11.016 -11.603 -12.818 -14.362 -15.087 -15.395 -15.679 -15.937 -16.123 
3.63636 -10.900 -11.540 -12.452 -14.070 -14.885 -15.290 -15.653 -15.890 -15.948 
3.83838 -10.764 -11.214 -12.250 -13.886 -14.801 -15.045 -15.512 -15.811 -15.890 
4.04040 -10.636 -11.107 -12.113 -13.744 -14.500 -14.831 -15.495 -15.833 -15.828 
4.24242 -10.507 -10.989 -11.982 -13.417 -14.432 -14.796 -15.353 -15.698 -15.762 
4.44444 -10.377 -11.039 -11.558 -13.443 -14.269 -14.779 -15.308 -15.612 -15.676 
4.64646 -10.231 -10.763 -11.666 -13.218 -14.014 -14.580 -15.160 -15.623 -15.692 
4.84848 -10.089 -10.762 -11.337 -13.055 -13.978 -14.521 -15.053 -15.481 -15.711 
5.05051 -9.948 -10.550 -11.329 -12.967 -14.040 -14.386 -15.015 -15.391 -15.826 
5.25253 -9.810 -10.393 -11.187 -12.698 -13.729 -14.337 -14.871 -15.424 -15.652 
5.45455 -9.670 -10.299 -10.933 -12.573 -13.558 -14.067 -14.757 -15.272 -15.389 
5.65657 -9.527 -10.181 -10.848 -12.464 -13.516 -13.952 -14.621 -15.308 -15.598 
5.85859 -9.384 -10.090 -10.956 -12.265 -13.366 -13.799 -14.661 -15.117 -15.469 
6.06061 -9.248 -9.997 -10.616 -12.301 -13.285 -13.890 -14.497 -14.994 -15.491 
6.26263 -9.110 -9.844 -10.450 -12.057 -13.143 -13.642 -14.498 -15.049 -15.306 
6.46465 -8.964 -9.738 -10.298 -11.872 -13.251 -13.644 -14.393 -14.993 -15.325 
6.66667 -8.832 -9.632 -10.412 -11.831 -12.926 -13.702 -14.230 -14.814 -15.238 
6.86869 -8.692 -9.522 -10.164 -11.659 -12.873 -13.529 -14.164 -14.794 -15.222 
7.07071 -8.567 -9.426 -10.068 -11.689 -12.885 -13.438 -14.142 -14.799 -15.285 
7.27273 -8.447 -9.317 -9.928 -11.395 -12.846 -13.298 -14.108 -14.722 -15.099 
7.47475 -8.297 -9.205 -9.840 -11.401 -12.757 -13.333 -14.032 -14.607 -14.957 
7.67677 -8.160 -9.101 -9.752 -11.562 -12.606 -13.104 -13.994 -14.570 -15.025 
7.87879 -8.029 -8.992 -9.661 -11.196 -12.546 -13.027 -13.870 -14.503 -14.978 
8.08081 -7.897 -8.877 -9.577 -11.498 -12.434 -13.023 -13.693 -14.429 -14.915 
8.28283 -7.769 -8.774 -9.474 -11.078 -12.473 -12.890 -13.665 -14.311 -14.757 
8.48485 -7.622 -8.658 -9.517 -10.941 -12.334 -12.916 -13.656 -14.310 -14.944 
8.68687 -7.472 -8.556 -9.434 -11.135 -12.254 -12.881 -13.581 -14.222 -14.826 
8.88889 -7.341 -8.442 -9.318 -10.877 -12.327 -12.888 -13.627 -14.261 -14.700 
9.09091 -7.206 -8.344 -9.251 -10.966 -12.145 -12.702 -13.459 -14.138 -14.672 
9.29293 -7.092 -8.234 -9.184 -10.832 -12.103 -12.812 -13.323 -14.102 -14.502 
9.49495 -6.980 -8.119 -9.110 -10.763 -12.014 -12.676 -13.230 -14.037 -14.459 
9.69697 -6.841 -8.003 -8.912 -10.784 -11.982 -12.629 -13.149 -13.904 -14.574 
9.89899 -6.728 -7.885 -8.895 -10.598 -11.969 -12.396 -13.224 -13.840 -14.388 
10.10101 -6.604 -7.838 -8.832 -10.607 -11.853 -12.461 -13.136 -13.757 -14.349 
10.30303 -6.459 -7.673 -8.766 -10.507 -11.837 -12.376 -13.083 -13.727 -14.297 
10.50505 -6.309 -7.566 -8.751 -10.605 -11.671 -12.379 -13.020 -13.724 -14.299 
10.70707 -6.177 -7.461 -8.722 -10.468 -11.743 -12.383 -12.933 -13.608 -14.060 
10.90909 -6.029 -7.376 -8.633 -10.307 -11.627 -12.233 -12.939 -13.587 -14.174 
11.11111 -5.879 -7.272 -8.729 -10.355 -11.563 -12.166 -12.832 -13.484 -13.983 
11.31313 -5.733 -7.146 -8.563 -10.200 -11.617 -12.164 -12.786 -13.467 -14.060 
11.51515 -5.592 -7.050 -8.377 -10.517 -11.540 -11.994 -12.759 -13.418 -13.927 
11.71717 -5.434 -6.939 -8.356 -10.172 -11.476 -12.103 -12.678 -13.373 -13.905 
11.91919 -5.303 -6.849 -8.358 -10.163 -11.378 -12.035 -12.622 -13.259 -13.829 
12.12121 -5.160 -6.700 -8.226 -10.077 -11.327 -12.004 -12.626 -13.230 -13.839 
12.32323 -5.062 -6.639 -8.131 -10.047 -11.375 -11.940 -12.553 -13.160 -13.729 
12.52525 -4.904 -6.515 -8.124 -9.994 -11.291 -11.908 -12.497 -13.180 -13.689 
12.72727 -4.805 -6.446 -8.078 -9.900 -11.198 -11.806 -12.373 -13.061 -13.603 
12.92929 -4.663 -6.281 -7.949 -10.009 -11.165 -11.728 -12.426 -13.033 -13.561 
13.13131 -4.647 -6.222 -7.868 -9.861 -11.169 -11.698 -12.355 -12.962 -13.486 
13.33333 -4.430 -6.183 -7.970 -9.773 -11.146 -11.772 -12.319 -13.024 -13.495 
13.53535 -4.279 -5.979 -7.736 -9.759 -11.081 -11.660 -12.224 -12.796 -13.472 
13.73737 -4.160 -5.889 -7.738 -9.856 -10.953 -11.576 -12.245 -12.807 -13.383 
13.93939 -4.040 -5.745 -7.644 -9.662 -11.070 -11.639 -12.119 -12.751 -13.397 
14.14141 -3.938 -5.890 -7.757 -9.626 -10.886 -11.553 -12.157 -12.713 -13.328 
14.34343 -3.849 -5.653 -7.669 -9.636 -10.792 -11.456 -12.083 -12.626 -13.227 
14.54545 -3.742 -5.630 -7.565 -9.552 -10.761 -11.410 -12.123 -12.667 -13.107 
14.74747 -3.634 -5.527 -7.631 -9.623 -10.896 -11.375 -12.012 -12.585 -13.158 
14.94949 -3.556 -5.349 -7.496 -9.384 -10.680 -11.340 -11.927 -12.534 -12.987 
15.15152 -3.472 -5.223 -7.315 -9.378 -10.670 -11.313 -11.890 -12.435 -12.941 
15.35354 -3.365 -5.178 -7.256 -9.267 -10.607 -11.366 -11.892 -12.447 -13.008 
15.55556 -3.278 -5.160 -7.224 -9.260 -10.573 -11.353 -11.832 -12.418 -12.926 
15.75758 -3.189 -5.055 -7.198 -9.191 -10.560 -11.196 -11.752 -12.336 -12.933 
15.95960 -3.088 -4.967 -7.068 -9.104 -10.618 -11.043 -11.772 -12.252 -12.832 
16.16162 -3.027 -4.894 -7.172 -8.976 -10.457 -11.162 -11.744 -12.229 -12.782 
16.36364 -2.903 -4.906 -6.990 -9.061 -10.306 -10.982 -11.698 -12.271 -12.708 
16.56566 -2.854 -4.667 -6.787 -8.940 -10.285 -10.994 -11.675 -12.237 -12.708 
16.76768 -2.696 -4.596 -6.859 -8.908 -10.354 -10.962 -11.609 -12.303 -12.706 
16.96970 -2.582 -4.594 -6.796 -8.883 -10.250 -10.996 -11.619 -12.242 -12.713 
17.17172 -2.442 -4.537 -6.665 -8.792 -10.305 -11.184 -11.604 -12.155 -12.668 
17.37374 -2.321 -4.440 -6.628 -8.697 -10.146 -10.796 -11.576 -12.104 -12.567 
17.57576 -2.218 -4.323 -6.487 -8.623 -10.084 -10.881 -11.567 -12.123 -12.520 
17.77778 -2.115 -4.330 -6.609 -8.739 -10.031 -10.812 -11.570 -12.027 -12.581 
17.97980 -2.016 -4.357 -6.353 -8.854 -10.001 -10.809 -11.516 -11.977 -12.465 
18.18182 -1.814 -4.116 -6.400 -8.464 -9.949 -10.732 -11.458 -12.019 -12.472 
18.38384 -1.724 -4.081 -6.310 -8.494 -9.935 -10.619 -11.436 -12.067 -12.496 
18.58586 -1.604 -3.970 -6.260 -8.446 -9.889 -10.597 -11.493 -11.989 -12.418 
18.78788 -1.458 -4.003 -6.193 -8.368 -9.869 -10.588 -11.388 -11.935 -12.352 
18.98990 -1.323 -3.903 -6.158 -8.231 -9.800 -10.552 -11.298 -11.964 -12.332 
19.19192 -1.235 -3.729 -6.424 -8.274 -9.793 -10.538 -11.418 -12.031 -12.256 
19.39394 -1.074 -3.818 -5.936 -8.041 -9.666 -10.506 -11.287 -11.843 -12.316 
19.59596 -1.044 -3.683 -5.852 -8.121 -9.802 -10.538 -11.187 -11.873 -12.184 
19.79798 -0.896 -3.525 -5.698 -8.023 -9.569 -10.389 -11.137 -11.837 -12.208 
20.00000 -0.787 -3.392 -5.958 -7.946 -9.564 -10.299 -11.143 -11.826 -12.162 
