# t[days] u g r i z y J H K
0.20202 -9.874 -9.579 -11.764 -13.236 -13.788 -9.197 -13.895 -7.648 -3.611 
0.40404 -13.160 -13.786 -13.607 -14.033 -13.604 -14.509 -12.699 -12.678 -12.229 
0.60606 -12.452 -13.782 -14.408 -14.613 -14.080 -14.136 -13.999 -13.562 -14.045 
0.80808 -12.463 -13.622 -14.515 -14.676 -14.734 -15.487 -14.910 -14.300 -13.570 
1.01010 -11.766 -13.057 -14.111 -14.606 -14.905 -14.473 -14.711 -14.703 -14.012 
1.21212 -11.271 -13.353 -13.963 -14.449 -13.993 -14.207 -14.049 -14.655 -13.412 
1.41414 -9.903 -12.746 -14.024 -14.971 -14.157 -14.895 -13.978 -14.152 -14.793 
1.61616 -10.377 -13.218 -14.015 -14.727 -15.284 -14.982 -14.901 -15.284 -15.318 
1.81818 -11.003 -13.253 -14.369 -15.436 -15.552 -15.845 -15.385 -15.598 -15.743 
2.02020 -11.021 -13.452 -14.699 -15.716 -15.765 -15.937 -16.056 -16.015 -15.797 
2.22222 -11.795 -13.705 -15.055 -15.836 -16.403 -16.406 -16.263 -16.290 -16.465 
2.42424 -11.917 -13.863 -15.060 -15.990 -16.300 -16.396 -16.423 -16.354 -16.158 
2.62626 -11.826 -13.552 -14.932 -15.648 -16.355 -16.353 -16.446 -16.152 -16.182 
2.82828 -11.953 -13.511 -14.580 -15.638 -16.073 -16.337 -16.380 -16.133 -16.281 
3.03030 -12.143 -13.418 -14.536 -15.502 -16.106 -16.294 -16.245 -16.459 -16.173 
3.23232 -12.204 -13.195 -14.403 -15.350 -15.834 -16.188 -16.149 -16.338 -16.218 
3.43434 -12.161 -13.429 -14.407 -15.317 -15.800 -16.147 -16.064 -16.002 -16.096 
3.63636 -12.082 -13.099 -14.265 -14.964 -15.794 -16.035 -15.929 -15.961 -15.881 
3.83838 -12.232 -13.055 -14.145 -14.982 -15.650 -15.891 -15.718 -15.765 -15.889 
4.04040 -12.204 -13.112 -14.039 -14.925 -15.445 -15.714 -15.666 -15.631 -15.828 
4.24242 -11.767 -13.212 -14.063 -14.820 -15.366 -15.756 -15.575 -15.507 -15.864 
4.44444 -11.967 -13.012 -13.962 -14.785 -15.251 -15.721 -15.501 -15.438 -15.632 
4.64646 -12.059 -13.108 -13.778 -14.714 -15.307 -15.456 -15.405 -15.457 -15.428 
4.84848 -11.724 -12.955 -13.900 -14.635 -15.065 -15.477 -15.307 -15.337 -15.231 
5.05051 -11.909 -12.892 -13.777 -14.558 -15.050 -15.385 -15.310 -15.296 -15.000 
5.25253 -11.440 -12.694 -13.698 -14.477 -15.011 -15.274 -15.257 -15.109 -15.218 
5.45455 -11.623 -12.565 -13.602 -14.328 -14.999 -15.295 -15.194 -14.869 -14.707 
5.65657 -11.055 -12.478 -13.526 -14.226 -14.837 -15.092 -14.921 -14.828 -14.797 
5.85859 -11.049 -12.647 -13.551 -14.275 -14.784 -15.030 -14.968 -14.845 -14.719 
6.06061 -10.739 -12.389 -13.364 -14.152 -14.641 -15.012 -14.962 -14.712 -14.701 
6.26263 -10.934 -12.581 -13.464 -14.000 -14.704 -14.950 -14.780 -14.705 -14.600 
6.46465 -10.586 -12.129 -13.196 -13.977 -14.507 -14.888 -14.896 -14.547 -14.557 
6.66667 -10.657 -11.922 -13.169 -13.851 -14.499 -14.719 -14.729 -14.611 -14.552 
6.86869 -10.425 -11.970 -13.099 -13.840 -14.435 -14.785 -14.745 -14.462 -14.335 
7.07071 -10.050 -11.866 -12.958 -13.773 -14.324 -14.672 -14.596 -14.459 -14.438 
7.27273 -10.549 -11.831 -12.763 -13.657 -14.275 -14.710 -14.641 -14.294 -14.153 
7.47475 -9.682 -11.551 -12.747 -13.628 -14.214 -14.546 -14.528 -14.441 -14.141 
7.67677 -9.412 -11.423 -12.629 -13.516 -14.047 -14.470 -14.474 -14.222 -14.234 
7.87879 -9.367 -11.289 -12.433 -13.503 -14.122 -14.493 -14.428 -14.273 -14.036 
8.08081 -9.333 -11.237 -12.504 -13.396 -14.049 -14.261 -14.373 -14.278 -14.197 
8.28283 -8.990 -11.154 -12.455 -13.269 -14.001 -14.336 -14.381 -14.234 -14.149 
8.48485 -9.273 -11.079 -12.311 -13.305 -13.816 -14.152 -14.196 -14.137 -14.044 
8.68687 -8.871 -10.730 -12.095 -13.203 -13.769 -14.081 -14.225 -14.039 -13.904 
8.88889 -8.625 -10.660 -12.206 -13.162 -13.739 -14.121 -14.218 -14.054 -14.101 
9.09091 -8.061 -10.694 -12.124 -13.153 -13.532 -14.016 -14.075 -13.925 -13.881 
9.29293 -8.767 -10.432 -11.832 -12.885 -13.616 -13.932 -14.044 -14.034 -13.893 
9.49495 -7.892 -10.222 -11.813 -12.910 -13.533 -14.053 -13.973 -14.063 -13.777 
9.69697 -8.040 -10.129 -11.830 -12.804 -13.580 -13.872 -14.079 -13.916 -13.743 
9.89899 -7.576 -10.004 -11.583 -12.692 -13.491 -13.887 -13.940 -13.977 -13.841 
10.10101 -7.491 -9.826 -11.507 -12.691 -13.320 -13.746 -13.882 -13.865 -13.742 
10.30303 -7.378 -9.799 -11.493 -12.571 -13.289 -13.551 -13.859 -13.787 -13.754 
10.50505 -7.037 -9.875 -11.379 -12.601 -13.254 -13.604 -13.795 -13.793 -13.690 
10.70707 -7.086 -10.028 -11.256 -12.468 -13.127 -13.536 -13.673 -13.732 -13.533 
10.90909 -6.772 -9.490 -11.284 -12.327 -13.069 -13.612 -13.654 -13.750 -13.573 
11.11111 -6.593 -9.307 -10.983 -12.332 -12.994 -13.312 -13.672 -13.808 -13.583 
11.31313 -6.711 -9.596 -11.011 -12.172 -12.973 -13.368 -13.570 -13.671 -13.726 
11.51515 -6.303 -8.968 -10.745 -12.085 -12.833 -13.297 -13.592 -13.716 -13.477 
11.71717 -5.920 -8.902 -10.913 -12.027 -12.751 -13.109 -13.508 -13.631 -13.551 
11.91919 -6.037 -8.770 -10.732 -11.845 -12.778 -13.235 -13.414 -13.586 -13.500 
12.12121 -6.179 -8.576 -10.440 -11.846 -12.552 -13.070 -13.472 -13.452 -13.356 
12.32323 -5.264 -8.401 -10.347 -11.719 -12.637 -13.020 -13.398 -13.465 -13.384 
12.52525 -5.396 -8.403 -10.503 -11.649 -12.500 -12.947 -13.321 -13.452 -13.309 
12.72727 -5.580 -8.302 -10.177 -11.550 -12.523 -12.919 -13.294 -13.442 -13.237 
12.92929 -5.137 -7.879 -10.123 -11.447 -12.266 -12.788 -13.210 -13.285 -13.295 
13.13131 -4.523 -7.829 -10.011 -11.381 -12.326 -12.751 -13.104 -13.301 -13.322 
13.33333 -4.904 -7.787 -9.878 -11.287 -12.245 -12.712 -13.117 -13.362 -13.337 
13.53535 -4.654 -7.752 -10.271 -11.310 -12.106 -12.661 -13.108 -13.355 -13.166 
13.73737 -4.471 -7.465 -9.770 -11.334 -12.023 -12.607 -13.034 -13.177 -13.098 
13.93939 -4.045 -7.257 -9.544 -11.112 -12.055 -12.648 -12.992 -13.179 -13.199 
14.14141 -4.037 -7.304 -9.613 -10.942 -11.903 -12.499 -12.947 -13.193 -13.215 
14.34343 -3.818 -7.352 -9.514 -10.915 -11.906 -12.500 -12.910 -13.028 -13.136 
14.54545 -3.953 -7.203 -9.356 -10.814 -11.766 -12.394 -12.869 -13.065 -13.029 
14.74747 -3.544 -6.745 -9.247 -10.852 -11.894 -12.363 -12.820 -13.085 -13.059 
14.94949 -3.463 -7.119 -9.140 -10.797 -11.682 -12.202 -12.748 -13.002 -13.044 
15.15152 -3.406 -6.575 -9.013 -10.713 -11.644 -12.206 -12.693 -13.103 -12.989 
15.35354 -3.388 -6.687 -8.903 -10.600 -11.657 -12.195 -12.705 -12.940 -12.990 
15.55556 -3.503 -6.609 -8.799 -10.492 -11.561 -12.134 -12.631 -12.971 -13.023 
15.75758 -3.095 -6.243 -8.794 -10.485 -11.502 -12.145 -12.628 -12.875 -12.963 
15.95960 -3.007 -6.335 -8.646 -10.410 -11.404 -12.113 -12.560 -12.891 -12.922 
16.16162 -2.950 -6.075 -8.575 -10.321 -11.359 -12.037 -12.541 -12.876 -12.885 
16.36364 -2.830 -5.920 -8.591 -10.279 -11.275 -11.977 -12.575 -12.831 -12.970 
16.56566 -2.775 -6.051 -8.668 -10.083 -11.224 -11.876 -12.488 -12.815 -12.916 
16.76768 -2.615 -5.861 -8.157 -10.164 -11.203 -11.826 -12.433 -12.776 -12.867 
16.96970 -2.532 -5.263 -8.316 -10.061 -11.212 -11.759 -12.377 -12.768 -12.811 
17.17172 -3.003 -5.347 -8.029 -10.017 -11.149 -11.830 -12.374 -12.809 -12.876 
17.37374 -2.849 -5.294 -8.322 -10.062 -11.078 -11.694 -12.349 -12.709 -12.835 
17.57576 -2.119 -5.569 -8.129 -9.855 -10.981 -11.613 -12.324 -12.682 -12.857 
17.77778 -2.050 -5.093 -7.991 -9.775 -10.876 -11.648 -12.237 -12.738 -12.764 
17.97980 -1.897 -5.133 -8.027 -9.731 -10.886 -11.513 -12.271 -12.678 -12.806 
18.18182 -1.775 -4.829 -7.785 -9.577 -10.821 -11.566 -12.275 -12.621 -12.763 
18.38384 -1.609 -5.076 -7.525 -9.660 -10.840 -11.515 -12.188 -12.629 -12.724 
18.58586 -1.954 -4.938 -7.522 -9.508 -10.797 -11.458 -12.142 -12.627 -12.791 
18.78788 -1.445 -4.885 -7.594 -9.504 -10.685 -11.413 -12.105 -12.529 -12.746 
18.98990 -1.248 -4.299 -7.340 -9.341 -10.643 -11.410 -12.082 -12.566 -12.730 
19.19192 -1.181 -4.462 -7.304 -9.267 -10.632 -11.287 -12.079 -12.512 -12.667 
19.39394 -1.033 -3.933 -7.282 -9.266 -10.629 -11.302 -12.032 -12.446 -12.676 
19.59596 -0.886 -4.036 -6.871 -9.039 -10.422 -11.190 -11.977 -12.457 -12.646 
19.79798 -0.794 -4.042 -6.729 -9.013 -10.313 -11.064 -11.910 -12.370 -12.512 
20.00000 -0.724 -4.317 -6.712 -8.834 -10.197 -11.074 -11.817 -12.305 -12.469 
