# t[days] u g r i z y J H K
0.20202 -11.427 -12.178 -11.036 -12.467 -13.227 -10.350 -11.029 -7.637 -10.230 
0.40404 -13.304 -14.053 -14.178 -14.401 -14.204 -13.809 -12.958 -13.366 -13.103 
0.60606 -13.514 -14.062 -14.887 -15.209 -15.129 -15.288 -14.527 -13.889 -14.581 
0.80808 -13.172 -14.305 -15.112 -15.462 -15.664 -15.681 -15.334 -15.113 -13.647 
1.01010 -12.750 -14.340 -15.170 -15.634 -15.743 -15.914 -15.728 -15.353 -14.781 
1.21212 -12.250 -13.989 -15.206 -15.802 -16.005 -15.942 -15.937 -15.802 -15.389 
1.41414 -11.499 -13.776 -14.957 -15.571 -15.939 -16.118 -16.012 -15.781 -15.672 
1.61616 -11.181 -13.072 -14.490 -15.502 -15.746 -15.957 -15.790 -15.775 -15.614 
1.81818 -11.309 -12.629 -14.228 -15.258 -15.779 -15.927 -15.944 -15.838 -15.636 
2.02020 -11.101 -12.145 -13.918 -15.123 -15.601 -15.768 -15.875 -15.955 -15.709 
2.22222 -10.996 -11.858 -13.675 -14.874 -15.573 -15.579 -15.792 -15.768 -15.800 
2.42424 -10.815 -11.817 -13.448 -14.651 -15.266 -15.552 -15.758 -15.716 -15.583 
2.62626 -10.652 -11.321 -13.108 -14.520 -15.025 -15.366 -15.587 -15.679 -15.683 
2.82828 -10.467 -11.166 -12.880 -14.248 -15.003 -15.296 -15.538 -15.513 -15.561 
3.03030 -10.298 -11.131 -12.574 -14.100 -14.884 -15.171 -15.389 -15.482 -15.564 
3.23232 -10.091 -10.768 -12.326 -13.914 -14.750 -14.940 -15.248 -15.408 -15.453 
3.43434 -9.923 -10.577 -12.228 -13.784 -14.651 -14.907 -15.127 -15.399 -15.411 
3.63636 -9.703 -10.426 -12.114 -13.655 -14.506 -14.741 -15.046 -15.248 -15.387 
3.83838 -9.484 -10.210 -11.904 -13.410 -14.422 -14.674 -14.859 -15.180 -15.352 
4.04040 -9.283 -10.087 -11.843 -13.398 -14.198 -14.549 -14.848 -15.046 -15.146 
4.24242 -9.094 -10.042 -11.617 -13.212 -14.162 -14.482 -14.635 -15.044 -15.077 
4.44444 -8.898 -9.752 -11.469 -13.040 -13.958 -14.413 -14.626 -14.830 -14.889 
4.64646 -8.702 -9.678 -11.310 -12.900 -13.818 -14.281 -14.435 -14.809 -14.872 
4.84848 -8.514 -9.581 -11.227 -12.937 -13.733 -14.117 -14.336 -14.627 -14.718 
5.05051 -8.328 -9.372 -11.177 -12.772 -13.589 -14.021 -14.272 -14.586 -14.666 
5.25253 -8.161 -9.334 -10.994 -12.564 -13.625 -13.876 -14.251 -14.449 -14.606 
5.45455 -8.024 -9.185 -10.932 -12.509 -13.523 -13.784 -14.019 -14.507 -14.514 
5.65657 -7.778 -9.029 -10.947 -12.459 -13.376 -13.720 -13.943 -14.226 -14.561 
5.85859 -7.579 -8.896 -10.724 -12.284 -13.241 -13.614 -13.866 -14.113 -14.331 
6.06061 -7.409 -8.800 -10.748 -12.241 -13.137 -13.523 -13.786 -14.028 -14.370 
6.26263 -7.236 -8.936 -10.711 -12.241 -12.985 -13.457 -13.705 -14.010 -14.294 
6.46465 -7.007 -8.725 -10.579 -12.112 -13.012 -13.405 -13.633 -13.903 -14.106 
6.66667 -6.855 -8.534 -10.507 -11.908 -12.888 -13.213 -13.490 -13.797 -14.083 
6.86869 -6.819 -8.451 -10.446 -11.952 -12.813 -13.136 -13.433 -13.660 -13.816 
7.07071 -6.356 -8.431 -10.415 -11.855 -12.738 -13.048 -13.382 -13.555 -13.845 
7.27273 -6.244 -8.307 -10.278 -11.834 -12.590 -12.978 -13.280 -13.469 -13.895 
7.47475 -6.102 -8.300 -10.262 -11.655 -12.615 -12.953 -13.164 -13.413 -13.703 
7.67677 -5.862 -8.098 -10.228 -11.671 -12.464 -12.868 -13.092 -13.331 -13.660 
7.87879 -5.681 -7.988 -10.074 -11.514 -12.359 -12.745 -13.061 -13.353 -13.570 
8.08081 -5.570 -7.828 -9.932 -11.507 -12.338 -12.661 -12.957 -13.143 -13.469 
8.28283 -5.370 -7.790 -9.870 -11.356 -12.258 -12.548 -12.866 -13.140 -13.399 
8.48485 -5.223 -7.805 -9.805 -11.295 -12.163 -12.546 -12.878 -13.051 -13.232 
8.68687 -5.236 -7.480 -9.683 -11.171 -12.096 -12.497 -12.750 -12.963 -13.236 
8.88889 -4.862 -7.461 -9.524 -11.170 -12.030 -12.394 -12.663 -12.937 -13.131 
9.09091 -4.789 -7.174 -9.473 -11.003 -11.991 -12.339 -12.630 -12.888 -13.066 
9.29293 -4.527 -7.136 -9.439 -10.920 -11.888 -12.308 -12.548 -12.818 -13.014 
9.49495 -4.489 -7.082 -9.305 -10.826 -11.804 -12.237 -12.572 -12.720 -12.970 
9.69697 -4.137 -7.028 -9.182 -10.878 -11.739 -12.146 -12.466 -12.615 -12.838 
9.89899 -4.118 -6.879 -9.245 -10.703 -11.635 -12.111 -12.435 -12.723 -12.815 
10.10101 -3.893 -6.703 -9.037 -10.600 -11.639 -12.147 -12.358 -12.638 -12.787 
10.30303 -3.644 -6.611 -8.944 -10.638 -11.504 -12.080 -12.335 -12.536 -12.734 
10.50505 -3.509 -6.507 -8.932 -10.552 -11.489 -11.972 -12.333 -12.498 -12.700 
10.70707 -3.449 -6.310 -8.844 -10.453 -11.468 -11.911 -12.298 -12.471 -12.731 
10.90909 -3.216 -6.291 -8.752 -10.355 -11.377 -11.879 -12.246 -12.447 -12.602 
11.11111 -2.907 -6.158 -8.528 -10.342 -11.266 -11.817 -12.189 -12.395 -12.581 
11.31313 -3.010 -6.051 -8.627 -10.302 -11.315 -11.824 -12.193 -12.387 -12.610 
11.51515 -2.731 -6.064 -8.629 -10.230 -11.281 -11.725 -12.129 -12.412 -12.491 
11.71717 -2.500 -5.761 -8.372 -10.150 -11.139 -11.691 -12.099 -12.329 -12.578 
11.91919 -2.807 -5.388 -8.274 -10.059 -11.110 -11.630 -12.095 -12.363 -12.452 
12.12121 -2.286 -5.463 -8.261 -10.025 -11.071 -11.701 -12.063 -12.291 -12.495 
12.32323 -2.158 -5.393 -8.056 -9.924 -10.974 -11.568 -11.999 -12.309 -12.410 
12.52525 -2.081 -5.407 -8.062 -9.922 -11.013 -11.519 -12.014 -12.276 -12.389 
12.72727 -2.054 -5.163 -7.948 -9.848 -10.945 -11.501 -11.968 -12.239 -12.411 
12.92929 -1.872 -5.111 -7.928 -9.709 -10.890 -11.383 -11.958 -12.214 -12.337 
13.13131 -1.822 -5.011 -7.736 -9.729 -10.821 -11.409 -11.970 -12.182 -12.291 
13.33333 -1.658 -4.943 -7.682 -9.638 -10.767 -11.381 -11.895 -12.219 -12.289 
13.53535 -1.600 -4.615 -7.708 -9.639 -10.669 -11.282 -11.833 -12.215 -12.312 
13.73737 -1.700 -4.700 -7.613 -9.536 -10.702 -11.289 -11.832 -12.169 -12.280 
13.93939 -1.392 -4.526 -7.431 -9.512 -10.668 -11.199 -11.777 -12.087 -12.249 
14.14141 -1.219 -4.446 -7.423 -9.372 -10.579 -11.174 -11.733 -12.111 -12.250 
14.34343 -1.014 -4.292 -7.342 -9.401 -10.594 -11.107 -11.707 -12.061 -12.297 
14.54545 -1.067 -4.034 -7.255 -9.302 -10.492 -11.088 -11.668 -12.037 -12.211 
14.74747 -0.808 -4.060 -7.152 -9.246 -10.383 -11.054 -11.647 -12.035 -12.171 
14.94949 -0.691 -4.241 -7.222 -9.289 -10.394 -11.052 -11.553 -12.037 -12.184 
15.15152 -0.508 -3.729 -6.868 -9.180 -10.353 -10.963 -11.550 -12.005 -12.183 
15.35354 -0.406 -3.754 -6.911 -9.113 -10.279 -10.873 -11.560 -12.003 -12.152 
15.55556 -0.228 -3.355 -6.739 -8.934 -10.250 -10.872 -11.523 -11.932 -12.100 
15.75758 -0.065 -3.936 -6.711 -8.924 -10.157 -10.888 -11.527 -11.936 -12.130 
15.95960 0.014 -3.635 -6.663 -8.818 -10.098 -10.781 -11.530 -11.866 -12.118 
16.16162 0.163 -3.277 -6.672 -8.803 -10.085 -10.769 -11.414 -11.877 -12.039 
16.36364 -0.243 -3.739 -6.553 -8.862 -10.065 -10.751 -11.406 -11.828 -12.146 
16.56566 0.476 -3.468 -6.465 -8.649 -9.961 -10.657 -11.347 -11.800 -12.021 
16.76768 0.655 -2.755 -6.320 -8.683 -9.892 -10.606 -11.301 -11.743 -11.966 
16.96970 0.694 -2.740 -6.368 -8.552 -9.864 -10.501 -11.338 -11.773 -11.972 
17.17172 0.909 -2.655 -6.174 -8.855 -9.897 -10.523 -11.223 -11.740 -11.985 
17.37374 1.020 -2.516 -6.148 -8.359 -9.727 -10.446 -11.210 -11.673 -11.922 
17.57576 1.157 -2.462 -5.868 -8.234 -9.768 -10.357 -11.081 -11.634 -11.867 
17.77778 1.301 -2.350 -5.951 -8.293 -9.602 -10.317 -11.095 -11.616 -11.937 
17.97980 1.497 -2.421 -6.022 -8.315 -9.572 -10.274 -11.104 -11.613 -11.890 
18.18182 1.477 -2.743 -5.830 -8.081 -9.525 -10.226 -10.981 -11.563 -11.903 
18.38384 1.574 -2.156 -5.672 -8.073 -9.415 -10.150 -10.947 -11.554 -11.767 
18.58586 1.800 -1.979 -5.786 -8.019 -9.447 -10.172 -10.983 -11.528 -11.802 
18.78788 1.967 -2.320 -5.532 -7.984 -9.310 -10.014 -10.867 -11.456 -11.709 
18.98990 2.208 -1.504 -5.312 -8.017 -9.353 -10.014 -10.781 -11.448 -11.655 
19.19192 2.245 -1.561 -5.416 -7.757 -9.169 -9.890 -10.772 -11.389 -11.665 
19.39394 2.445 -1.628 -5.359 -7.670 -9.094 -9.887 -10.681 -11.309 -11.612 
19.59596 2.377 -1.395 -5.122 -7.573 -9.064 -9.825 -10.629 -11.274 -11.596 
19.79798 2.586 -1.362 -4.959 -7.267 -8.920 -9.666 -10.511 -11.145 -11.453 
20.00000 2.849 -0.498 -5.006 -7.278 -8.745 -9.550 -10.444 -11.009 -11.376 
