# t[days] u g r i z y J H K
0.20202 -10.853 -10.746 -13.128 -11.199 -10.140 -9.910 -6.765 -10.405 -6.697 
0.40404 -14.636 -14.658 -14.822 -14.187 -12.720 -12.969 -11.825 -13.644 -11.102 
0.60606 -15.136 -15.766 -15.990 -15.980 -15.820 -15.284 -14.651 -14.709 -10.455 
0.80808 -15.208 -16.137 -16.599 -16.369 -16.004 -15.863 -15.151 -14.987 -14.139 
1.01010 -15.008 -16.392 -16.855 -16.513 -16.051 -15.635 -15.482 -14.873 -14.663 
1.21212 -15.201 -16.542 -16.934 -16.844 -16.301 -15.989 -15.593 -15.204 -14.703 
1.41414 -15.102 -16.522 -16.870 -16.877 -16.360 -16.012 -15.751 -15.595 -15.221 
1.61616 -14.823 -16.415 -16.958 -16.747 -16.570 -16.274 -15.964 -15.701 -14.554 
1.81818 -14.324 -16.332 -16.978 -16.853 -16.462 -16.452 -16.162 -15.960 -15.407 
2.02020 -14.105 -16.186 -16.887 -16.728 -16.493 -16.393 -16.169 -15.784 -15.705 
2.22222 -13.555 -15.958 -16.643 -16.703 -16.346 -16.400 -15.969 -15.923 -15.626 
2.42424 -13.102 -15.698 -16.432 -16.447 -16.355 -16.059 -16.083 -16.078 -15.912 
2.62626 -12.454 -15.409 -16.333 -16.228 -16.112 -16.112 -16.010 -15.898 -15.490 
2.82828 -12.344 -15.005 -16.041 -16.060 -16.081 -15.935 -15.917 -15.892 -15.804 
3.03030 -11.907 -14.735 -15.669 -15.844 -15.719 -15.884 -15.690 -15.778 -15.581 
3.23232 -11.802 -14.551 -15.562 -15.582 -15.629 -15.690 -15.570 -15.578 -15.445 
3.43434 -11.495 -14.312 -15.240 -15.360 -15.606 -15.536 -15.454 -15.480 -15.378 
3.63636 -11.140 -13.928 -15.074 -15.287 -15.265 -15.401 -15.441 -15.465 -15.340 
3.83838 -11.299 -13.585 -14.726 -15.094 -15.146 -15.241 -15.337 -15.296 -14.942 
4.04040 -10.732 -13.477 -14.562 -14.902 -14.994 -15.244 -15.102 -15.151 -14.858 
4.24242 -10.553 -13.155 -14.270 -14.751 -14.821 -14.970 -14.982 -14.957 -15.093 
4.44444 -10.402 -13.016 -14.051 -14.569 -14.784 -14.888 -14.998 -15.034 -14.988 
4.64646 -10.244 -12.748 -13.927 -14.402 -14.607 -14.965 -14.726 -14.879 -14.815 
4.84848 -10.123 -12.558 -13.769 -14.316 -14.585 -14.819 -14.865 -14.750 -14.746 
5.05051 -10.051 -12.596 -13.609 -14.128 -14.434 -14.700 -14.657 -14.784 -14.779 
5.25253 -10.109 -12.281 -13.344 -13.994 -14.414 -14.564 -14.674 -14.573 -14.759 
5.45455 -9.713 -12.085 -13.227 -13.925 -14.286 -14.458 -14.571 -14.737 -14.607 
5.65657 -9.581 -11.979 -13.138 -13.744 -14.196 -14.402 -14.448 -14.575 -14.572 
5.85859 -9.476 -11.998 -13.115 -13.817 -14.170 -14.246 -14.413 -14.415 -14.511 
6.06061 -9.202 -11.706 -12.934 -13.694 -14.048 -14.306 -14.452 -14.415 -14.446 
6.26263 -9.100 -11.597 -12.894 -13.609 -14.045 -14.284 -14.313 -14.390 -14.385 
6.46465 -9.127 -11.443 -12.787 -13.485 -13.895 -14.168 -14.306 -14.331 -14.384 
6.66667 -8.928 -11.174 -12.470 -13.297 -13.938 -14.251 -14.295 -14.343 -14.227 
6.86869 -8.758 -11.256 -12.616 -13.367 -13.898 -14.175 -14.158 -14.281 -14.346 
7.07071 -8.644 -11.148 -12.472 -13.170 -13.757 -14.053 -14.218 -14.154 -14.236 
7.27273 -8.845 -10.964 -12.367 -13.177 -13.730 -13.954 -14.130 -14.168 -14.249 
7.47475 -8.684 -10.840 -12.239 -12.948 -13.593 -13.877 -14.111 -14.058 -14.114 
7.67677 -8.296 -10.771 -12.081 -12.992 -13.513 -13.834 -14.033 -14.141 -14.177 
7.87879 -8.377 -10.566 -11.949 -12.831 -13.582 -13.796 -13.863 -14.064 -14.130 
8.08081 -8.169 -10.346 -11.888 -12.747 -13.372 -13.689 -13.868 -13.963 -13.987 
8.28283 -7.854 -10.336 -11.824 -12.752 -13.365 -13.645 -13.933 -13.789 -14.093 
8.48485 -7.787 -9.974 -11.670 -12.621 -13.305 -13.785 -13.781 -13.908 -13.909 
8.68687 -8.063 -10.095 -11.639 -12.629 -13.227 -13.587 -13.758 -13.910 -14.033 
8.88889 -7.547 -10.014 -11.530 -12.482 -13.303 -13.531 -13.716 -13.929 -13.960 
9.09091 -7.404 -9.940 -11.426 -12.390 -13.087 -13.567 -13.697 -13.814 -13.951 
9.29293 -7.423 -9.794 -11.335 -12.378 -13.073 -13.505 -13.674 -13.738 -13.892 
9.49495 -7.119 -9.434 -11.171 -12.307 -12.996 -13.389 -13.561 -13.747 -13.814 
9.69697 -6.948 -9.379 -11.215 -12.211 -12.940 -13.366 -13.627 -13.722 -13.769 
9.89899 -6.875 -9.605 -11.079 -12.218 -12.913 -13.231 -13.469 -13.653 -13.728 
10.10101 -6.662 -9.291 -11.014 -12.025 -12.878 -13.192 -13.513 -13.591 -13.645 
10.30303 -6.494 -9.231 -10.789 -11.959 -12.753 -13.156 -13.386 -13.518 -13.597 
10.50505 -6.404 -9.160 -10.819 -11.863 -12.737 -13.129 -13.398 -13.532 -13.687 
10.70707 -6.158 -8.770 -10.631 -11.907 -12.676 -13.008 -13.358 -13.532 -13.509 
10.90909 -6.047 -8.799 -10.675 -11.817 -12.577 -12.978 -13.307 -13.457 -13.504 
11.11111 -6.026 -8.496 -10.558 -11.582 -12.433 -12.942 -13.229 -13.438 -13.463 
11.31313 -5.854 -8.633 -10.381 -11.543 -12.444 -12.860 -13.217 -13.403 -13.510 
11.51515 -5.744 -8.240 -10.228 -11.567 -12.385 -12.815 -13.168 -13.328 -13.437 
11.71717 -5.821 -8.145 -10.091 -11.512 -12.244 -12.732 -13.074 -13.306 -13.439 
11.91919 -5.217 -8.185 -9.995 -11.391 -12.314 -12.708 -13.052 -13.277 -13.355 
12.12121 -5.269 -7.766 -10.021 -11.433 -12.203 -12.647 -13.038 -13.267 -13.375 
12.32323 -5.152 -8.004 -9.902 -11.320 -12.160 -12.599 -13.013 -13.224 -13.335 
12.52525 -4.769 -7.760 -9.913 -11.293 -12.128 -12.557 -12.943 -13.202 -13.317 
12.72727 -4.736 -7.989 -9.688 -11.080 -12.079 -12.547 -12.898 -13.174 -13.279 
12.92929 -4.554 -7.502 -9.739 -11.106 -12.000 -12.499 -12.819 -13.104 -13.164 
13.13131 -4.417 -7.529 -9.439 -11.040 -11.985 -12.456 -12.880 -13.099 -13.120 
13.33333 -4.305 -7.286 -9.560 -10.941 -11.908 -12.464 -12.837 -13.020 -13.188 
13.53535 -4.262 -6.931 -9.306 -11.075 -11.857 -12.358 -12.721 -13.026 -13.152 
13.73737 -4.240 -6.997 -9.192 -10.858 -11.703 -12.258 -12.740 -12.955 -13.088 
13.93939 -3.990 -6.854 -9.088 -10.750 -11.674 -12.191 -12.631 -12.935 -13.086 
14.14141 -3.897 -6.732 -9.098 -10.688 -11.630 -12.168 -12.633 -12.902 -13.032 
14.34343 -3.705 -6.560 -8.881 -10.652 -11.694 -12.150 -12.632 -12.876 -12.989 
14.54545 -3.723 -6.525 -8.917 -10.476 -11.457 -12.018 -12.541 -12.817 -12.979 
14.74747 -3.518 -6.671 -8.682 -10.416 -11.444 -12.034 -12.523 -12.816 -12.988 
14.94949 -3.700 -6.109 -8.760 -10.330 -11.410 -11.949 -12.518 -12.747 -12.982 
15.15152 -3.442 -6.372 -8.443 -10.321 -11.323 -11.879 -12.460 -12.731 -12.918 
15.35354 -3.399 -6.277 -8.643 -10.170 -11.277 -11.841 -12.457 -12.763 -12.921 
15.55556 -3.156 -6.174 -8.370 -10.105 -11.191 -11.801 -12.419 -12.706 -12.933 
15.75758 -3.059 -5.978 -8.488 -10.126 -11.363 -11.836 -12.369 -12.709 -12.875 
15.95960 -2.976 -5.518 -8.305 -10.035 -11.264 -11.729 -12.288 -12.593 -12.765 
16.16162 -2.877 -5.684 -8.074 -9.957 -11.019 -11.689 -12.235 -12.633 -12.833 
16.36364 -2.792 -5.456 -8.152 -9.877 -11.013 -11.577 -12.246 -12.601 -12.759 
16.56566 -2.716 -5.446 -7.914 -9.906 -10.936 -11.542 -12.162 -12.626 -12.739 
16.76768 -2.582 -5.052 -7.998 -9.787 -10.881 -11.530 -12.164 -12.522 -12.682 
16.96970 -2.479 -5.486 -7.835 -9.629 -10.829 -11.467 -12.151 -12.542 -12.657 
17.17172 -2.408 -5.087 -7.652 -9.785 -10.853 -11.443 -12.089 -12.543 -12.677 
17.37374 -2.251 -5.138 -7.581 -9.533 -10.696 -11.371 -12.058 -12.451 -12.695 
17.57576 -2.137 -4.918 -7.573 -9.554 -10.667 -11.370 -12.055 -12.511 -12.646 
17.77778 -2.031 -4.710 -7.536 -9.483 -10.603 -11.346 -12.013 -12.387 -12.632 
17.97980 -1.864 -4.828 -7.521 -9.384 -10.617 -11.264 -11.999 -12.428 -12.650 
18.18182 -1.773 -4.582 -7.281 -9.306 -10.495 -11.231 -11.960 -12.443 -12.593 
18.38384 -1.586 -4.639 -7.518 -9.232 -10.551 -11.185 -11.937 -12.392 -12.606 
18.58586 -1.444 -4.308 -7.227 -9.202 -10.527 -11.131 -11.899 -12.339 -12.577 
18.78788 -1.361 -4.332 -7.098 -9.222 -10.473 -11.198 -11.885 -12.320 -12.534 
18.98990 -1.195 -4.247 -7.002 -9.062 -10.400 -11.084 -11.849 -12.339 -12.566 
19.19192 -1.096 -4.413 -6.891 -9.049 -10.327 -11.045 -11.820 -12.320 -12.513 
19.39394 -0.985 -3.986 -6.770 -8.768 -10.236 -10.983 -11.761 -12.237 -12.544 
19.59596 -0.871 -3.926 -6.584 -8.880 -10.158 -10.885 -11.686 -12.154 -12.408 
19.79798 -0.773 -3.636 -6.435 -8.776 -10.139 -10.855 -11.632 -12.099 -12.362 
20.00000 -0.727 -3.432 -6.382 -8.462 -9.900 -10.820 -11.562 -12.036 -12.366 
