# t[days] u g r i z y J H K
0.20202 -11.091 -10.340 -10.122 -10.481 -13.028 -10.786 -9.209 -8.909 -8.765 
0.40404 -13.242 -13.503 -13.761 -13.985 -14.141 -14.262 -13.601 -13.061 -12.476 
0.60606 -12.993 -14.070 -14.708 -14.956 -15.071 -14.972 -14.700 -14.192 -13.461 
0.80808 -13.005 -14.190 -14.981 -15.470 -15.431 -15.617 -15.238 -14.978 -14.616 
1.01010 -12.176 -13.947 -14.980 -15.535 -15.725 -15.587 -15.617 -15.149 -15.162 
1.21212 -11.736 -13.501 -14.719 -15.405 -15.797 -15.613 -15.599 -15.482 -15.248 
1.41414 -11.203 -13.059 -14.475 -15.312 -15.549 -15.704 -15.737 -15.367 -15.243 
1.61616 -10.920 -12.377 -14.025 -15.091 -15.520 -15.616 -15.592 -15.552 -15.360 
1.81818 -10.719 -12.190 -13.622 -14.781 -15.396 -15.489 -15.505 -15.548 -15.337 
2.02020 -10.576 -11.648 -13.360 -14.525 -15.187 -15.217 -15.496 -15.400 -15.228 
2.22222 -10.390 -11.448 -13.173 -14.383 -15.027 -15.177 -15.387 -15.296 -15.235 
2.42424 -10.175 -11.200 -12.835 -14.132 -14.828 -15.047 -15.238 -15.327 -15.072 
2.62626 -9.957 -10.759 -12.545 -14.017 -14.710 -14.933 -15.110 -15.215 -15.224 
2.82828 -9.728 -10.547 -12.252 -13.673 -14.543 -14.836 -15.038 -15.233 -15.154 
3.03030 -9.508 -10.149 -12.021 -13.591 -14.516 -14.677 -14.964 -15.030 -14.902 
3.23232 -9.291 -10.014 -11.832 -13.394 -14.192 -14.606 -14.819 -14.899 -15.027 
3.43434 -9.052 -9.818 -11.738 -13.171 -14.178 -14.442 -14.660 -14.883 -14.932 
3.63636 -8.814 -9.721 -11.396 -13.045 -14.000 -14.278 -14.538 -14.867 -14.921 
3.83838 -8.583 -9.417 -11.184 -12.941 -13.840 -14.167 -14.421 -14.646 -14.819 
4.04040 -8.354 -9.169 -11.015 -12.769 -13.722 -13.988 -14.372 -14.595 -14.727 
4.24242 -8.129 -8.944 -10.915 -12.648 -13.516 -13.856 -14.264 -14.499 -14.591 
4.44444 -7.898 -8.901 -10.804 -12.557 -13.422 -13.644 -14.052 -14.365 -14.462 
4.64646 -7.656 -8.645 -10.660 -12.335 -13.212 -13.652 -13.901 -14.206 -14.431 
4.84848 -7.403 -8.441 -10.513 -12.209 -13.206 -13.431 -13.854 -14.146 -14.314 
5.05051 -7.160 -8.405 -10.481 -12.077 -13.068 -13.433 -13.725 -13.964 -14.259 
5.25253 -6.917 -8.225 -10.284 -11.868 -12.877 -13.313 -13.626 -13.902 -14.063 
5.45455 -6.678 -8.048 -10.142 -11.852 -12.769 -13.119 -13.428 -13.756 -14.102 
5.65657 -6.442 -8.000 -10.053 -11.744 -12.777 -13.051 -13.319 -13.648 -13.897 
5.85859 -6.230 -8.030 -10.038 -11.703 -12.585 -12.980 -13.182 -13.588 -13.913 
6.06061 -6.014 -7.849 -10.070 -11.663 -12.488 -12.899 -13.114 -13.487 -13.812 
6.26263 -5.798 -7.597 -9.795 -11.365 -12.324 -12.659 -13.019 -13.331 -13.608 
6.46465 -5.638 -7.559 -9.732 -11.337 -12.223 -12.580 -12.920 -13.280 -13.543 
6.66667 -5.383 -7.378 -9.733 -11.177 -12.173 -12.565 -12.863 -13.181 -13.454 
6.86869 -5.184 -7.203 -9.525 -11.245 -12.073 -12.437 -12.760 -13.064 -13.367 
7.07071 -4.977 -7.152 -9.466 -11.139 -11.956 -12.391 -12.674 -13.020 -13.250 
7.27273 -4.796 -7.088 -9.314 -10.997 -11.982 -12.294 -12.618 -12.827 -13.250 
7.47475 -4.879 -7.047 -9.301 -10.992 -11.798 -12.211 -12.530 -12.803 -13.110 
7.67677 -4.464 -6.815 -9.331 -10.933 -11.824 -12.209 -12.466 -12.701 -13.048 
7.87879 -4.245 -6.737 -9.150 -10.751 -11.665 -12.086 -12.382 -12.654 -12.913 
8.08081 -3.921 -6.670 -9.152 -10.732 -11.608 -12.038 -12.251 -12.589 -12.889 
8.28283 -3.793 -6.602 -8.958 -10.618 -11.557 -11.942 -12.234 -12.613 -12.798 
8.48485 -3.632 -6.521 -8.964 -10.580 -11.542 -11.918 -12.230 -12.457 -12.751 
8.68687 -3.512 -6.417 -8.798 -10.473 -11.499 -11.819 -12.166 -12.464 -12.688 
8.88889 -3.352 -6.257 -8.708 -10.510 -11.423 -11.878 -12.065 -12.365 -12.709 
9.09091 -3.048 -6.136 -8.704 -10.334 -11.297 -11.836 -12.084 -12.358 -12.571 
9.29293 -3.025 -6.020 -8.587 -10.319 -11.278 -11.687 -12.016 -12.287 -12.527 
9.49495 -2.896 -6.029 -8.519 -10.287 -11.253 -11.663 -11.992 -12.304 -12.631 
9.69697 -2.723 -6.099 -8.404 -10.198 -11.156 -11.626 -11.955 -12.176 -12.469 
9.89899 -2.582 -5.635 -8.357 -10.087 -11.118 -11.639 -11.951 -12.172 -12.401 
10.10101 -2.422 -5.465 -8.243 -10.071 -11.045 -11.513 -11.855 -12.170 -12.388 
10.30303 -2.338 -5.464 -8.236 -10.028 -11.026 -11.458 -11.862 -12.096 -12.348 
10.50505 -2.127 -5.185 -8.063 -9.994 -10.975 -11.446 -11.809 -12.143 -12.292 
10.70707 -2.098 -5.210 -7.992 -9.871 -10.824 -11.411 -11.802 -12.098 -12.264 
10.90909 -1.819 -5.315 -7.893 -9.807 -10.908 -11.269 -11.726 -12.057 -12.238 
11.11111 -1.636 -4.981 -7.848 -9.804 -10.874 -11.253 -11.680 -12.029 -12.231 
11.31313 -1.445 -5.073 -7.755 -9.694 -10.766 -11.272 -11.711 -12.012 -12.216 
11.51515 -1.325 -4.743 -7.660 -9.659 -10.659 -11.198 -11.664 -11.952 -12.190 
11.71717 -1.127 -4.708 -7.653 -9.614 -10.627 -11.164 -11.590 -11.957 -12.107 
11.91919 -0.975 -4.492 -7.487 -9.522 -10.594 -11.099 -11.558 -11.932 -12.077 
12.12121 -0.850 -4.484 -7.732 -9.466 -10.570 -11.107 -11.502 -11.844 -12.015 
12.32323 -0.714 -4.285 -7.374 -9.360 -10.441 -11.003 -11.470 -11.844 -12.057 
12.52525 -0.495 -4.399 -7.294 -9.301 -10.407 -10.905 -11.432 -11.800 -12.003 
12.72727 -0.272 -4.043 -7.255 -9.278 -10.441 -10.880 -11.372 -11.773 -11.935 
12.92929 -0.304 -4.114 -7.157 -9.081 -10.227 -10.813 -11.368 -11.706 -11.928 
13.13131 -0.024 -3.669 -7.016 -9.024 -10.239 -10.748 -11.284 -11.758 -11.943 
13.33333 -0.010 -3.772 -6.875 -9.017 -10.155 -10.727 -11.219 -11.719 -11.938 
13.53535 0.292 -3.427 -6.913 -8.876 -10.114 -10.674 -11.238 -11.630 -11.844 
13.73737 0.393 -3.605 -6.720 -8.887 -10.068 -10.619 -11.179 -11.596 -11.792 
13.93939 0.714 -3.167 -6.596 -8.747 -9.950 -10.536 -11.105 -11.576 -11.766 
14.14141 0.828 -3.137 -6.577 -8.713 -9.913 -10.453 -11.114 -11.570 -11.772 
14.34343 0.962 -3.018 -6.565 -8.575 -9.853 -10.426 -11.051 -11.464 -11.667 
14.54545 1.176 -2.901 -6.332 -8.632 -9.784 -10.362 -10.946 -11.452 -11.695 
14.74747 -0.036 -2.949 -6.209 -8.493 -9.664 -10.220 -10.903 -11.347 -11.714 
14.94949 1.439 -2.795 -6.239 -8.492 -9.621 -10.182 -10.886 -11.321 -11.611 
15.15152 1.645 -2.752 -6.075 -8.316 -9.585 -10.161 -10.835 -11.290 -11.585 
15.35354 1.840 -2.236 -6.001 -8.197 -9.504 -10.086 -10.707 -11.275 -11.505 
15.55556 1.946 -2.635 -5.905 -8.099 -9.383 -10.003 -10.709 -11.193 -11.491 
15.75758 2.259 -2.329 -5.855 -8.165 -9.420 -9.987 -10.640 -11.181 -11.496 
15.95960 2.235 -2.161 -5.882 -8.017 -9.252 -9.963 -10.613 -11.125 -11.464 
16.16162 2.394 -2.910 -5.655 -8.020 -9.248 -9.877 -10.582 -11.064 -11.394 
16.36364 2.656 -1.961 -5.642 -7.888 -9.236 -9.747 -10.511 -11.090 -11.361 
16.56566 2.866 -1.305 -5.487 -7.845 -9.025 -9.728 -10.377 -10.995 -11.351 
16.76768 2.980 -2.045 -5.485 -7.665 -8.998 -9.632 -10.377 -11.029 -11.289 
16.96970 2.795 -1.560 -5.345 -7.682 -8.932 -9.584 -10.347 -10.975 -11.281 
17.17172 3.276 -1.272 -5.303 -7.589 -8.873 -9.471 -10.268 -10.942 -11.193 
17.37374 3.256 -2.209 -5.155 -7.548 -8.852 -9.426 -10.270 -10.847 -11.202 
17.57576 3.651 -1.020 -5.310 -7.425 -8.699 -9.344 -10.178 -10.853 -11.203 
17.77778 3.466 -1.548 -4.980 -7.491 -8.599 -9.298 -10.171 -10.805 -11.120 
17.97980 3.743 -1.305 -5.013 -7.323 -8.593 -9.304 -10.059 -10.743 -11.140 
18.18182 4.127 -0.645 -4.886 -7.242 -8.569 -9.201 -10.034 -10.729 -11.071 
18.38384 4.089 -0.509 -4.684 -7.315 -8.584 -9.166 -10.022 -10.737 -11.122 
18.58586 4.397 -0.387 -4.784 -7.091 -8.556 -9.119 -9.955 -10.678 -11.081 
18.78788 4.444 -1.180 -4.427 -7.060 -8.351 -9.048 -9.920 -10.574 -11.046 
18.98990 4.555 -0.872 -4.573 -7.021 -8.310 -9.067 -9.885 -10.611 -10.989 
19.19192 4.640 -0.682 -4.438 -7.051 -8.237 -8.880 -9.847 -10.535 -10.910 
19.39394 5.006 -0.557 -4.451 -6.911 -8.170 -8.875 -9.754 -10.492 -10.884 
19.59596 4.947 -0.030 -4.326 -6.869 -8.089 -8.794 -9.687 -10.429 -10.832 
19.79798 5.399 -0.342 -4.020 -6.636 -7.954 -8.637 -9.612 -10.308 -10.693 
20.00000 5.462 1.269 -3.933 -6.406 -7.832 -8.540 -9.402 -10.201 -10.644 
