# t[days] u g r i z y J H K
0.20202 -11.276 -12.587 -12.144 -12.433 -11.093 -11.498 -9.793 -11.966 -6.732 
0.40404 -13.650 -14.676 -15.017 -14.635 -14.279 -13.924 -13.150 -13.801 -13.009 
0.60606 -14.581 -15.473 -15.643 -15.503 -15.108 -14.947 -13.257 -13.914 -12.461 
0.80808 -14.704 -15.737 -16.017 -15.583 -14.980 -14.752 -14.572 -13.714 -13.159 
1.01010 -14.384 -15.680 -16.135 -15.938 -15.357 -14.969 -14.612 -14.105 -13.680 
1.21212 -14.100 -15.537 -16.120 -15.824 -15.475 -15.087 -14.772 -14.352 -13.871 
1.41414 -13.634 -15.377 -15.909 -15.592 -15.237 -15.021 -14.652 -14.694 -14.421 
1.61616 -12.970 -14.977 -15.701 -15.499 -15.118 -14.921 -14.535 -14.375 -13.976 
1.81818 -12.603 -14.669 -15.276 -15.267 -14.932 -14.986 -14.647 -14.454 -14.016 
2.02020 -12.080 -14.254 -14.879 -14.931 -14.791 -14.580 -14.442 -14.282 -14.077 
2.22222 -11.471 -13.849 -14.608 -14.685 -14.451 -14.342 -14.220 -14.121 -14.009 
2.42424 -11.089 -13.473 -14.332 -14.420 -14.453 -14.278 -14.187 -14.021 -14.026 
2.62626 -10.476 -13.068 -14.018 -14.243 -14.279 -14.218 -14.032 -13.981 -13.863 
2.82828 -10.169 -12.679 -13.683 -13.848 -13.993 -13.947 -13.939 -13.884 -13.829 
3.03030 -9.733 -12.320 -13.348 -13.891 -13.873 -14.029 -13.857 -13.931 -13.734 
3.23232 -9.544 -12.097 -13.118 -13.672 -13.753 -13.764 -13.733 -13.739 -13.876 
3.43434 -9.363 -11.743 -12.968 -13.350 -13.628 -13.769 -13.689 -13.703 -13.688 
3.63636 -9.250 -11.484 -12.731 -13.239 -13.582 -13.619 -13.702 -13.629 -13.681 
3.83838 -8.796 -11.057 -12.445 -12.989 -13.454 -13.459 -13.520 -13.605 -13.649 
4.04040 -8.493 -10.952 -12.271 -12.992 -13.360 -13.364 -13.510 -13.498 -13.572 
4.24242 -8.348 -10.854 -12.157 -12.740 -13.160 -13.287 -13.378 -13.491 -13.435 
4.44444 -8.061 -10.571 -11.928 -12.611 -13.092 -13.277 -13.289 -13.426 -13.417 
4.64646 -7.925 -10.343 -11.749 -12.500 -13.064 -13.207 -13.218 -13.344 -13.384 
4.84848 -7.502 -10.205 -11.606 -12.384 -12.920 -13.042 -13.119 -13.305 -13.429 
5.05051 -7.327 -9.875 -11.419 -12.391 -12.847 -12.979 -12.997 -13.246 -13.276 
5.25253 -7.106 -9.804 -11.252 -12.189 -12.654 -12.934 -13.039 -13.175 -13.234 
5.45455 -6.875 -9.461 -11.173 -11.999 -12.629 -12.828 -12.958 -13.086 -13.215 
5.65657 -6.509 -9.229 -10.933 -11.921 -12.510 -12.792 -12.873 -12.944 -13.124 
5.85859 -6.450 -9.068 -10.907 -11.897 -12.378 -12.629 -12.742 -13.027 -13.062 
6.06061 -6.150 -8.815 -10.612 -11.671 -12.308 -12.543 -12.758 -12.900 -13.068 
6.26263 -6.060 -8.857 -10.584 -11.613 -12.186 -12.472 -12.669 -12.844 -12.990 
6.46465 -5.886 -8.575 -10.357 -11.479 -12.177 -12.421 -12.576 -12.743 -12.928 
6.66667 -5.383 -8.437 -10.392 -11.422 -12.067 -12.351 -12.518 -12.664 -12.913 
6.86869 -5.320 -8.086 -10.102 -11.256 -11.982 -12.254 -12.446 -12.637 -12.848 
7.07071 -5.388 -8.042 -9.938 -11.295 -11.882 -12.163 -12.372 -12.598 -12.797 
7.27273 -4.998 -7.907 -9.763 -11.074 -11.797 -12.123 -12.295 -12.519 -12.738 
7.47475 -4.783 -7.640 -9.671 -11.016 -11.704 -12.032 -12.287 -12.474 -12.731 
7.67677 -4.446 -7.505 -9.576 -10.859 -11.632 -11.958 -12.184 -12.479 -12.687 
7.87879 -4.333 -7.497 -9.589 -10.848 -11.676 -11.895 -12.141 -12.409 -12.573 
8.08081 -3.818 -7.217 -9.374 -10.685 -11.478 -11.852 -12.130 -12.351 -12.513 
8.28283 -3.917 -6.889 -9.293 -10.673 -11.444 -11.747 -12.094 -12.335 -12.466 
8.48485 -4.335 -6.939 -9.147 -10.601 -11.420 -11.782 -12.048 -12.285 -12.485 
8.68687 -3.535 -6.765 -9.066 -10.468 -11.215 -11.654 -12.003 -12.205 -12.467 
8.88889 -3.216 -6.508 -8.881 -10.454 -11.296 -11.646 -11.950 -12.236 -12.404 
9.09091 -3.297 -6.504 -8.884 -10.337 -11.259 -11.583 -11.852 -12.178 -12.372 
9.29293 -2.917 -6.285 -8.670 -10.319 -11.135 -11.535 -11.868 -12.167 -12.309 
9.49495 -2.935 -6.446 -8.687 -10.199 -11.136 -11.517 -11.831 -12.139 -12.327 
9.69697 -3.082 -5.993 -8.423 -10.145 -11.068 -11.423 -11.830 -12.134 -12.246 
9.89899 -2.556 -5.937 -8.420 -10.069 -10.952 -11.414 -11.813 -12.031 -12.251 
10.10101 -2.458 -5.969 -8.257 -10.003 -10.954 -11.378 -11.735 -12.003 -12.183 
10.30303 -2.260 -5.458 -8.059 -9.989 -10.827 -11.321 -11.690 -11.995 -12.145 
10.50505 -2.180 -5.227 -8.054 -9.805 -10.801 -11.250 -11.643 -11.991 -12.158 
10.70707 -2.010 -5.330 -8.026 -9.779 -10.699 -11.183 -11.629 -11.871 -12.164 
10.90909 -1.711 -5.367 -7.922 -9.728 -10.694 -11.119 -11.596 -11.919 -12.151 
11.11111 -1.552 -5.204 -7.800 -9.637 -10.583 -11.053 -11.522 -11.878 -12.003 
11.31313 -1.544 -5.036 -7.765 -9.535 -10.572 -11.034 -11.483 -11.850 -12.025 
11.51515 -1.214 -4.654 -7.614 -9.557 -10.549 -11.056 -11.468 -11.782 -12.010 
11.71717 -1.009 -4.778 -7.564 -9.388 -10.465 -10.966 -11.423 -11.796 -11.990 
11.91919 -0.961 -4.932 -7.437 -9.292 -10.356 -10.878 -11.399 -11.791 -11.960 
12.12121 -0.794 -4.241 -7.377 -9.354 -10.348 -10.878 -11.436 -11.699 -11.936 
12.32323 -0.883 -4.709 -7.390 -9.275 -10.312 -10.780 -11.354 -11.752 -11.937 
12.52525 -0.432 -4.421 -7.067 -9.077 -10.213 -10.723 -11.316 -11.669 -11.864 
12.72727 -0.264 -4.082 -7.030 -9.102 -10.261 -10.692 -11.184 -11.629 -11.864 
12.92929 -0.072 -4.273 -6.999 -8.961 -10.138 -10.611 -11.207 -11.637 -11.874 
13.13131 0.021 -3.771 -6.867 -8.938 -10.039 -10.599 -11.146 -11.568 -11.840 
13.33333 0.201 -3.361 -6.616 -8.876 -9.922 -10.502 -11.097 -11.537 -11.798 
13.53535 0.286 -3.116 -6.621 -8.692 -9.938 -10.437 -11.036 -11.499 -11.809 
13.73737 0.548 -3.341 -6.630 -8.767 -9.890 -10.407 -11.069 -11.452 -11.755 
13.93939 0.688 -3.361 -6.516 -8.652 -9.785 -10.359 -10.975 -11.398 -11.692 
14.14141 0.848 -2.997 -6.365 -8.535 -9.708 -10.267 -10.938 -11.387 -11.722 
14.34343 1.009 -2.671 -6.136 -8.409 -9.635 -10.246 -10.880 -11.359 -11.660 
14.54545 1.235 -2.801 -6.246 -8.424 -9.561 -10.158 -10.802 -11.288 -11.599 
14.74747 1.398 -2.387 -6.150 -8.338 -9.486 -10.063 -10.730 -11.251 -11.541 
14.94949 1.598 -2.723 -6.185 -8.235 -9.485 -10.016 -10.683 -11.215 -11.500 
15.15152 1.637 -2.832 -5.993 -8.115 -9.435 -9.899 -10.646 -11.145 -11.460 
15.35354 1.764 -2.183 -5.957 -8.132 -9.314 -9.891 -10.643 -11.134 -11.489 
15.55556 1.905 -2.196 -5.765 -7.948 -9.221 -9.806 -10.601 -11.127 -11.374 
15.75758 2.250 -1.767 -5.581 -7.926 -9.182 -9.795 -10.574 -11.092 -11.385 
15.95960 2.333 -1.855 -5.505 -7.897 -9.142 -9.677 -10.404 -11.048 -11.362 
16.16162 2.644 -2.041 -5.468 -7.860 -9.117 -9.674 -10.401 -11.034 -11.379 
16.36364 2.513 -1.387 -5.302 -7.637 -8.960 -9.639 -10.362 -10.929 -11.329 
16.56566 2.853 -1.848 -5.304 -7.663 -8.896 -9.542 -10.248 -10.924 -11.320 
16.76768 3.038 -1.477 -5.363 -7.561 -8.806 -9.442 -10.266 -10.897 -11.235 
16.96970 3.250 -1.760 -5.289 -7.629 -8.803 -9.462 -10.280 -10.834 -11.250 
17.17172 3.344 -1.438 -5.162 -7.382 -8.745 -9.421 -10.171 -10.827 -11.165 
17.37374 3.387 -1.085 -4.816 -7.380 -8.720 -9.267 -10.103 -10.781 -11.134 
17.57576 3.592 -0.616 -4.805 -7.380 -8.657 -9.209 -10.071 -10.755 -11.112 
17.77778 3.849 -0.430 -4.978 -7.194 -8.588 -9.192 -9.996 -10.724 -11.136 
17.97980 3.813 -0.545 -4.696 -7.096 -8.499 -9.165 -9.954 -10.672 -11.027 
18.18182 4.014 -0.641 -4.679 -7.059 -8.382 -9.001 -9.916 -10.628 -11.079 
18.38384 4.308 -0.546 -4.601 -7.023 -8.338 -8.981 -9.797 -10.628 -11.028 
18.58586 4.409 0.047 -4.606 -6.807 -8.314 -8.979 -9.835 -10.550 -11.023 
18.78788 4.603 -0.570 -4.431 -6.873 -8.309 -8.909 -9.817 -10.477 -11.004 
18.98990 4.658 -0.191 -4.113 -6.595 -8.147 -8.795 -9.692 -10.503 -10.897 
19.19192 4.868 0.406 -4.356 -6.703 -8.035 -8.725 -9.700 -10.507 -10.874 
19.39394 4.855 0.561 -4.239 -6.723 -7.997 -8.742 -9.652 -10.436 -10.824 
19.59596 5.006 -0.439 -4.069 -6.583 -7.974 -8.658 -9.599 -10.311 -10.776 
19.79798 5.155 0.920 -3.946 -6.468 -7.869 -8.559 -9.478 -10.185 -10.647 
20.00000 5.227 1.340 -3.342 -6.355 -7.528 -8.296 -9.290 -10.039 -10.485 
