# t[days] u g r i z y J H K
0.20202 -10.663 -10.229 -9.439 -8.990 -8.451 -8.394 -5.780 -5.954 -3.865 
0.40404 -13.495 -13.997 -13.726 -14.004 -14.265 -13.932 -10.953 -11.941 -10.004 
0.60606 -14.522 -14.699 -14.588 -15.181 -15.144 -14.538 -13.768 -13.375 -12.653 
0.80808 -14.242 -14.900 -15.059 -15.348 -15.703 -15.669 -15.510 -14.949 -13.954 
1.01010 -14.011 -14.978 -15.364 -15.697 -15.879 -15.795 -15.654 -15.156 -14.852 
1.21212 -13.736 -15.005 -15.508 -16.017 -16.085 -15.973 -15.879 -15.482 -14.995 
1.41414 -13.372 -14.834 -15.501 -16.039 -16.227 -16.088 -16.023 -15.833 -15.534 
1.61616 -12.789 -14.612 -15.491 -16.111 -16.282 -16.347 -16.197 -16.103 -15.875 
1.81818 -12.220 -14.106 -15.345 -15.856 -16.216 -16.011 -16.186 -16.301 -15.964 
2.02020 -11.767 -14.000 -15.051 -15.726 -15.967 -16.231 -16.127 -16.213 -15.984 
2.22222 -11.314 -13.630 -14.697 -15.773 -15.943 -15.929 -16.177 -16.253 -15.843 
2.42424 -11.332 -13.076 -14.279 -15.271 -15.669 -15.744 -16.053 -15.891 -16.110 
2.62626 -11.189 -12.492 -14.060 -15.142 -15.577 -15.563 -16.002 -15.932 -15.843 
2.82828 -11.101 -12.273 -13.855 -14.828 -15.401 -15.638 -15.774 -15.919 -15.953 
3.03030 -11.038 -12.062 -13.609 -14.637 -15.354 -15.357 -15.625 -15.754 -15.692 
3.23232 -10.976 -11.682 -13.175 -14.330 -15.050 -15.251 -15.423 -15.514 -15.837 
3.43434 -10.879 -11.428 -12.778 -14.201 -14.718 -14.895 -15.420 -15.722 -15.792 
3.63636 -10.758 -11.477 -12.520 -13.738 -14.526 -14.791 -15.244 -15.617 -15.618 
3.83838 -10.629 -11.182 -12.394 -13.701 -14.326 -14.708 -15.104 -15.280 -15.560 
4.04040 -10.496 -11.070 -12.253 -13.271 -14.332 -14.314 -14.951 -15.206 -15.506 
4.24242 -10.352 -10.958 -11.900 -13.185 -13.954 -14.319 -14.811 -15.203 -15.276 
4.44444 -10.225 -10.777 -11.705 -13.081 -13.767 -14.189 -14.690 -15.084 -15.294 
4.64646 -10.086 -10.624 -11.399 -12.701 -13.688 -13.934 -14.543 -15.138 -15.358 
4.84848 -9.942 -10.487 -11.540 -12.609 -13.682 -13.899 -14.419 -14.921 -15.073 
5.05051 -9.809 -10.388 -11.164 -12.444 -13.375 -13.854 -14.529 -15.016 -15.076 
5.25253 -9.660 -10.249 -11.053 -12.397 -13.367 -13.796 -14.363 -14.833 -15.033 
5.45455 -9.513 -10.145 -10.911 -12.365 -13.182 -13.611 -14.372 -14.666 -14.967 
5.65657 -9.378 -10.056 -10.756 -12.086 -13.104 -13.610 -14.197 -14.806 -14.826 
5.85859 -9.242 -9.967 -10.684 -12.005 -13.012 -13.392 -14.142 -14.504 -15.020 
6.06061 -9.110 -9.841 -10.398 -11.770 -12.950 -13.386 -14.014 -14.632 -14.845 
6.26263 -8.966 -9.719 -10.374 -11.748 -12.969 -13.260 -13.957 -14.449 -14.858 
6.46465 -8.834 -9.620 -10.562 -11.592 -12.828 -13.177 -13.796 -14.480 -14.716 
6.66667 -8.701 -9.522 -10.209 -11.501 -12.606 -13.065 -13.755 -14.351 -14.685 
6.86869 -8.566 -9.457 -10.047 -11.535 -12.563 -13.129 -13.670 -14.450 -14.643 
7.07071 -8.431 -9.306 -10.077 -11.454 -12.468 -12.978 -13.612 -14.256 -14.598 
7.27273 -8.302 -9.195 -9.780 -11.209 -12.401 -12.953 -13.569 -14.200 -14.625 
7.47475 -8.173 -9.095 -9.685 -11.312 -12.419 -12.961 -13.518 -14.112 -14.431 
7.67677 -8.037 -9.014 -9.614 -11.138 -12.478 -12.926 -13.397 -14.068 -14.669 
7.87879 -7.912 -8.875 -9.569 -10.946 -12.181 -12.687 -13.439 -14.006 -14.386 
8.08081 -7.787 -8.790 -9.538 -10.901 -12.069 -12.682 -13.335 -14.018 -14.400 
8.28283 -7.648 -8.661 -9.361 -10.863 -12.137 -12.687 -13.325 -13.938 -14.251 
8.48485 -7.504 -8.556 -9.312 -10.811 -12.054 -12.679 -13.231 -13.880 -14.153 
8.68687 -7.377 -8.487 -9.341 -10.754 -11.999 -12.585 -13.153 -13.826 -14.252 
8.88889 -7.248 -8.342 -9.277 -10.720 -12.050 -12.590 -13.120 -13.730 -14.068 
9.09091 -7.120 -8.234 -9.094 -10.658 -11.892 -12.569 -13.024 -13.681 -14.083 
9.29293 -6.985 -8.128 -9.124 -10.803 -12.060 -12.516 -13.143 -13.705 -14.110 
9.49495 -6.875 -8.237 -9.014 -10.542 -11.761 -12.375 -12.984 -13.533 -14.042 
9.69697 -6.736 -7.931 -8.964 -10.493 -11.775 -12.391 -12.900 -13.563 -13.920 
9.89899 -6.625 -7.785 -8.960 -10.467 -11.720 -12.289 -12.854 -13.565 -13.845 
10.10101 -6.498 -7.688 -8.745 -10.424 -11.689 -12.183 -12.725 -13.404 -13.800 
10.30303 -6.355 -7.596 -8.813 -10.322 -11.577 -12.228 -12.755 -13.442 -13.756 
10.50505 -6.219 -7.472 -8.696 -10.448 -11.636 -12.178 -12.704 -13.221 -13.828 
10.70707 -6.069 -7.384 -8.558 -10.284 -11.518 -12.200 -12.598 -13.143 -13.710 
10.90909 -5.930 -7.253 -8.500 -10.323 -11.566 -12.019 -12.624 -13.162 -13.658 
11.11111 -5.796 -7.164 -8.537 -10.184 -11.425 -11.975 -12.497 -13.171 -13.610 
11.31313 -5.646 -7.047 -8.526 -10.152 -11.475 -12.076 -12.447 -13.054 -13.502 
11.51515 -5.500 -6.997 -8.397 -10.117 -11.350 -11.937 -12.372 -13.032 -13.465 
11.71717 -5.363 -6.880 -8.364 -10.051 -11.393 -11.909 -12.382 -12.931 -13.355 
11.91919 -5.213 -6.814 -8.239 -10.057 -11.338 -11.924 -12.346 -12.923 -13.429 
12.12121 -5.104 -6.626 -8.121 -10.090 -11.231 -11.816 -12.410 -12.905 -13.280 
12.32323 -4.978 -6.529 -8.190 -9.903 -11.141 -11.774 -12.327 -12.763 -13.226 
12.52525 -4.822 -6.443 -8.129 -9.956 -11.033 -11.753 -12.225 -12.814 -13.282 
12.72727 -4.706 -6.319 -7.964 -9.830 -11.048 -11.723 -12.240 -12.739 -13.233 
12.92929 -4.567 -6.214 -8.017 -9.946 -11.103 -11.678 -12.221 -12.671 -13.134 
13.13131 -4.456 -6.104 -7.802 -9.649 -11.005 -11.584 -12.162 -12.656 -13.091 
13.33333 -4.373 -6.346 -7.959 -9.685 -11.051 -11.529 -12.135 -12.640 -13.188 
13.53535 -4.244 -5.932 -7.832 -9.655 -10.915 -11.609 -12.047 -12.523 -12.995 
13.73737 -4.118 -5.904 -7.636 -9.577 -10.832 -11.566 -12.112 -12.520 -12.969 
13.93939 -4.034 -5.752 -7.774 -9.433 -10.926 -11.505 -11.928 -12.526 -12.924 
14.14141 -3.901 -5.709 -7.649 -9.471 -10.776 -11.384 -11.911 -12.456 -12.837 
14.34343 -3.780 -5.946 -7.554 -9.396 -10.622 -11.254 -11.883 -12.347 -12.830 
14.54545 -3.691 -5.389 -7.335 -9.390 -10.668 -11.264 -11.898 -12.355 -12.777 
14.74747 -3.589 -5.298 -7.344 -9.347 -10.614 -11.229 -11.849 -12.324 -12.821 
14.94949 -3.492 -5.299 -7.209 -9.322 -10.535 -11.215 -11.793 -12.275 -12.714 
15.15152 -3.422 -5.190 -7.343 -9.253 -10.495 -11.214 -11.746 -12.252 -12.802 
15.35354 -3.327 -5.149 -7.147 -9.078 -10.563 -11.171 -11.685 -12.276 -12.619 
15.55556 -3.245 -5.005 -7.093 -9.061 -10.445 -11.155 -11.652 -12.206 -12.557 
15.75758 -3.144 -4.990 -7.016 -8.930 -10.386 -11.082 -11.712 -12.149 -12.645 
15.95960 -3.017 -4.874 -6.845 -8.988 -10.292 -10.972 -11.635 -12.190 -12.525 
16.16162 -2.932 -5.028 -6.983 -8.942 -10.304 -10.966 -11.675 -12.136 -12.614 
16.36364 -2.838 -4.614 -6.889 -8.927 -10.187 -10.984 -11.563 -12.082 -12.446 
16.56566 -2.759 -4.613 -6.738 -8.850 -10.150 -10.894 -11.534 -12.082 -12.465 
16.76768 -2.642 -4.607 -6.706 -8.724 -10.186 -10.828 -11.467 -11.975 -12.319 
16.96970 -2.516 -4.603 -6.757 -8.740 -10.135 -10.964 -11.507 -12.023 -12.405 
17.17172 -2.420 -4.457 -6.654 -8.636 -10.103 -10.944 -11.500 -11.997 -12.340 
17.37374 -2.299 -4.289 -6.533 -8.617 -10.013 -10.680 -11.433 -11.924 -12.333 
17.57576 -2.181 -4.442 -6.644 -8.627 -10.002 -10.777 -11.396 -11.963 -12.261 
17.77778 -2.009 -4.102 -6.542 -8.628 -10.004 -10.701 -11.381 -11.955 -12.293 
17.97980 -1.892 -4.035 -6.329 -8.465 -9.873 -10.627 -11.353 -11.926 -12.291 
18.18182 -1.758 -4.048 -6.362 -8.507 -10.028 -10.663 -11.426 -11.884 -12.270 
18.38384 -1.634 -3.968 -6.270 -8.397 -9.822 -10.599 -11.338 -11.849 -12.301 
18.58586 -1.497 -3.911 -6.016 -8.420 -9.764 -10.589 -11.348 -11.794 -12.286 
18.78788 -1.356 -3.895 -6.204 -8.375 -9.768 -10.564 -11.318 -11.846 -12.120 
18.98990 -1.303 -4.159 -6.158 -8.303 -9.770 -10.507 -11.259 -11.824 -12.126 
19.19192 -1.187 -3.719 -6.051 -8.227 -9.727 -10.448 -11.236 -11.753 -12.094 
19.39394 -1.062 -3.601 -5.901 -8.259 -9.634 -10.362 -11.242 -11.741 -12.114 
19.59596 -0.925 -3.469 -5.876 -8.222 -9.536 -10.334 -11.254 -11.759 -12.058 
19.79798 -0.791 -3.524 -5.740 -8.013 -9.456 -10.355 -11.049 -11.670 -12.029 
20.00000 -0.704 -3.389 -5.556 -7.911 -9.357 -10.313 -11.011 -11.605 -11.929 
