# t[days] u g r i z y J H K
0.20202 -10.644 -10.495 -10.975 -9.275 -9.107 -8.856 -7.321 -7.282 -6.039 
0.40404 -13.246 -13.658 -13.387 -13.795 -14.145 -14.281 -13.754 -12.750 -12.243 
0.60606 -13.444 -13.862 -14.298 -14.558 -14.703 -14.499 -14.274 -13.261 -13.226 
0.80808 -13.405 -13.976 -14.514 -14.861 -15.078 -15.011 -14.632 -14.008 -13.920 
1.01010 -13.013 -13.970 -14.396 -14.874 -15.101 -15.134 -14.920 -14.403 -13.982 
1.21212 -12.621 -13.628 -14.431 -14.885 -15.051 -15.126 -14.956 -14.572 -14.106 
1.41414 -12.036 -13.260 -14.203 -14.848 -15.160 -15.012 -15.047 -14.679 -14.331 
1.61616 -11.629 -12.974 -13.936 -14.716 -15.046 -15.089 -14.978 -14.878 -14.552 
1.81818 -11.075 -12.612 -13.760 -14.668 -14.883 -14.976 -15.029 -14.776 -14.641 
2.02020 -10.730 -12.202 -13.521 -14.387 -14.877 -15.017 -14.925 -14.877 -14.769 
2.22222 -10.347 -11.791 -13.225 -14.165 -14.708 -14.806 -14.933 -14.863 -14.606 
2.42424 -9.851 -11.406 -13.023 -13.975 -14.504 -14.616 -14.822 -14.947 -14.675 
2.62626 -9.393 -11.127 -12.511 -13.791 -14.407 -14.571 -14.801 -14.792 -14.567 
2.82828 -9.026 -10.805 -12.280 -13.597 -14.258 -14.448 -14.613 -14.859 -14.668 
3.03030 -8.686 -10.469 -12.186 -13.393 -14.066 -14.438 -14.513 -14.691 -14.672 
3.23232 -8.339 -9.859 -11.737 -13.196 -13.850 -14.114 -14.427 -14.598 -14.640 
3.43434 -7.992 -9.651 -11.563 -13.052 -13.710 -14.027 -14.403 -14.588 -14.763 
3.63636 -7.617 -9.292 -11.328 -12.814 -13.622 -13.971 -14.349 -14.533 -14.596 
3.83838 -7.255 -9.026 -11.115 -12.565 -13.479 -13.739 -14.214 -14.486 -14.643 
4.04040 -6.934 -8.741 -10.851 -12.306 -13.285 -13.608 -14.104 -14.468 -14.588 
4.24242 -6.561 -8.574 -10.675 -12.203 -13.177 -13.480 -14.012 -14.387 -14.599 
4.44444 -6.220 -8.278 -10.523 -12.134 -13.005 -13.432 -13.981 -14.372 -14.493 
4.64646 -5.914 -7.724 -10.205 -11.874 -12.743 -13.218 -13.825 -14.237 -14.424 
4.84848 -5.600 -7.749 -10.022 -11.672 -12.632 -13.146 -13.732 -14.254 -14.414 
5.05051 -5.313 -7.532 -9.636 -11.590 -12.538 -12.894 -13.590 -14.162 -14.362 
5.25253 -5.044 -7.110 -9.475 -11.367 -12.375 -12.864 -13.466 -14.048 -14.227 
5.45455 -4.735 -6.696 -9.438 -11.206 -12.322 -12.715 -13.426 -13.936 -14.242 
5.65657 -4.497 -6.545 -9.170 -11.017 -12.070 -12.582 -13.332 -13.858 -14.154 
5.85859 -4.195 -6.234 -8.998 -10.839 -11.949 -12.444 -13.146 -13.782 -14.071 
6.06061 -3.922 -6.527 -8.648 -10.636 -11.698 -12.275 -13.070 -13.660 -14.000 
6.26263 -3.646 -5.881 -8.496 -10.405 -11.504 -12.142 -12.928 -13.542 -13.992 
6.46465 -3.832 -5.468 -8.045 -10.309 -11.441 -11.928 -12.805 -13.455 -13.847 
6.66667 -3.964 -5.146 -7.761 -10.127 -11.404 -11.865 -12.712 -13.391 -13.810 
6.86869 -2.953 -4.885 -7.613 -9.950 -11.199 -11.675 -12.555 -13.329 -13.796 
7.07071 -2.689 -4.763 -7.557 -9.801 -10.988 -11.623 -12.513 -13.203 -13.653 
7.27273 -2.558 -4.885 -7.715 -9.719 -10.879 -11.456 -12.350 -13.115 -13.616 
7.47475 -2.143 -4.353 -7.003 -9.547 -10.868 -11.366 -12.231 -13.015 -13.521 
7.67677 -1.919 -4.341 -7.195 -9.303 -10.885 -11.331 -12.193 -12.877 -13.397 
7.87879 -1.656 -4.369 -6.943 -9.354 -10.488 -11.168 -11.996 -12.807 -13.313 
8.08081 -1.356 -3.768 -6.676 -9.107 -10.355 -10.945 -11.980 -12.689 -13.296 
8.28283 -1.200 -3.823 -6.539 -8.851 -10.242 -10.901 -11.763 -12.664 -13.221 
8.48485 -0.968 -3.274 -6.428 -8.873 -10.104 -10.759 -11.602 -12.518 -13.144 
8.68687 -0.782 -3.222 -6.304 -8.832 -9.835 -10.457 -11.632 -12.534 -13.107 
8.88889 -0.408 -4.036 -5.950 -8.462 -9.784 -10.491 -11.526 -12.460 -12.937 
9.09091 -0.131 -2.369 -6.032 -8.349 -9.703 -10.426 -11.285 -12.287 -12.939 
9.29293 0.082 -2.367 -6.055 -8.195 -9.555 -10.221 -11.237 -12.223 -12.780 
9.49495 0.373 -2.729 -5.889 -8.069 -9.425 -10.026 -11.113 -12.070 -12.712 
9.69697 0.612 -1.762 -5.365 -7.873 -9.230 -9.908 -11.071 -11.990 -12.617 
9.89899 0.836 -1.387 -5.392 -7.942 -9.263 -9.861 -10.851 -11.869 -12.613 
10.10101 1.172 -1.710 -5.027 -7.663 -9.249 -9.734 -10.772 -11.813 -12.556 
10.30303 1.356 -1.245 -5.414 -7.574 -8.896 -9.599 -10.625 -11.703 -12.447 
10.50505 1.635 -1.400 -4.895 -7.399 -8.918 -9.480 -10.566 -11.581 -12.320 
10.70707 1.892 -1.743 -5.055 -7.493 -8.726 -9.399 -10.505 -11.533 -12.241 
10.90909 1.894 -0.929 -4.702 -7.334 -8.731 -9.233 -10.356 -11.510 -12.240 
11.11111 2.211 -1.661 -4.652 -7.099 -8.668 -9.258 -10.332 -11.372 -12.109 
11.31313 2.601 -0.727 -4.606 -6.994 -8.463 -9.082 -10.156 -11.277 -12.042 
11.51515 2.897 -0.069 -4.131 -6.938 -8.470 -8.989 -10.148 -11.166 -12.016 
11.71717 2.887 -0.081 -4.079 -6.931 -8.306 -8.917 -10.041 -11.166 -11.918 
11.91919 3.125 -0.216 -4.157 -6.971 -8.163 -8.899 -9.815 -11.078 -11.815 
12.12121 3.496 -0.521 -4.162 -6.740 -8.081 -8.893 -9.807 -10.880 -11.842 
12.32323 3.535 -0.213 -4.183 -6.622 -8.029 -8.634 -9.706 -10.847 -11.731 
12.52525 3.536 -0.113 -3.983 -6.508 -8.024 -8.674 -9.736 -10.829 -11.605 
12.72727 4.023 0.438 -4.001 -6.582 -7.927 -8.479 -9.643 -10.754 -11.628 
12.92929 4.348 0.368 -3.865 -6.468 -7.727 -8.493 -9.459 -10.687 -11.518 
13.13131 4.639 0.374 -3.611 -6.163 -7.640 -8.246 -9.453 -10.543 -11.454 
13.33333 5.030 0.037 -3.717 -6.245 -7.488 -8.120 -9.424 -10.516 -11.437 
13.53535 4.758 0.584 -3.684 -6.071 -7.437 -8.052 -9.271 -10.469 -11.321 
13.73737 5.306 0.865 -3.674 -5.938 -7.390 -8.127 -9.151 -10.379 -11.253 
13.93939 5.057 0.206 -3.333 -6.206 -7.311 -7.997 -9.177 -10.325 -11.222 
14.14141 5.460 0.753 -3.563 -6.025 -7.286 -7.835 -8.960 -10.211 -11.187 
14.34343 6.109 1.160 -3.173 -5.945 -7.072 -7.872 -8.921 -10.129 -11.105 
14.54545 5.799 0.246 -3.469 -5.963 -7.222 -7.692 -8.856 -10.042 -11.027 
14.74747 6.031 1.014 -3.285 -5.833 -7.138 -7.685 -8.775 -9.996 -10.919 
14.94949 5.828 1.233 -3.508 -5.867 -7.114 -7.535 -8.742 -9.974 -10.893 
15.15152 6.188 0.319 -3.231 -5.639 -6.943 -7.528 -8.685 -9.946 -10.902 
15.35354 6.077 0.869 -3.238 -5.721 -6.658 -7.551 -8.626 -9.824 -10.836 
15.55556 6.683 1.164 -2.907 -5.515 -6.833 -7.441 -8.485 -9.739 -10.733 
15.75758 6.552 0.846 -2.884 -5.531 -6.767 -7.192 -8.543 -9.699 -10.732 
15.95960 7.870 1.476 -2.961 -5.345 -6.802 -7.341 -8.315 -9.662 -10.676 
16.16162 7.122 2.052 -2.829 -5.268 -6.499 -7.132 -8.494 -9.578 -10.695 
16.36364 7.019 1.630 -3.179 -5.226 -6.625 -7.127 -8.242 -9.548 -10.552 
16.56566 7.059 1.506 -2.987 -5.102 -6.327 -7.069 -8.258 -9.506 -10.521 
16.76768 7.511 1.183 -2.680 -5.064 -6.332 -7.238 -8.115 -9.408 -10.446 
16.96970 9.403 1.254 -2.529 -4.985 -6.354 -6.948 -8.158 -9.346 -10.406 
17.17172 8.400 1.588 -2.706 -4.997 -6.200 -7.047 -8.088 -9.330 -10.272 
17.37374 7.964 2.688 -2.318 -5.065 -6.235 -6.720 -7.951 -9.279 -10.244 
17.57576 7.379 1.961 -2.362 -4.677 -5.932 -6.792 -7.896 -9.287 -10.270 
17.77778 7.691 2.503 -2.358 -4.846 -5.986 -6.786 -7.911 -9.128 -10.154 
17.97980 7.848 1.822 -2.040 -4.741 -6.171 -6.612 -7.831 -9.023 -10.134 
18.18182 9.592 1.938 -1.535 -4.329 -6.000 -6.540 -7.788 -9.133 -10.060 
18.38384 8.013 2.291 -2.691 -4.678 -5.997 -6.401 -7.743 -9.014 -9.995 
18.58586 9.707 2.305 -2.019 -4.426 -5.667 -6.372 -7.682 -8.929 -9.918 
18.78788 8.383 2.676 -1.975 -4.364 -5.663 -6.440 -7.635 -8.878 -9.911 
18.98990 8.969 1.871 -1.804 -4.471 -5.469 -6.246 -7.485 -8.774 -9.794 
19.19192 11.685 2.016 -2.127 -4.402 -5.591 -6.203 -7.322 -8.717 -9.810 
19.39394 8.442 3.336 -1.619 -4.180 -5.769 -6.236 -7.326 -8.691 -9.694 
19.59596 9.190 3.745 -1.563 -4.150 -5.521 -6.077 -7.289 -8.607 -9.646 
19.79798 9.921 2.599 -1.126 -4.017 -5.315 -5.977 -7.177 -8.511 -9.460 
20.00000 8.008 3.839 -1.315 -3.852 -4.727 -5.828 -7.015 -8.378 -9.442 
