# t[days] u g r i z y J H K
0.20202 -10.928 -11.380 -11.655 -11.542 -11.558 -8.305 -5.334 -7.819 nan 
0.40404 -13.576 -14.530 -14.924 -15.063 -15.053 -13.502 -13.629 -9.648 -10.190 
0.60606 -14.777 -15.500 -15.682 -15.845 -14.795 -15.150 -14.286 -14.190 -9.614 
0.80808 -15.025 -15.950 -16.225 -16.115 -15.787 -15.641 -14.747 -14.828 -13.978 
1.01010 -14.622 -16.036 -16.511 -16.294 -15.638 -15.470 -15.406 -14.019 -13.379 
1.21212 -14.871 -16.263 -16.412 -16.258 -15.863 -15.676 -15.041 -15.201 -14.832 
1.41414 -14.586 -16.127 -16.598 -16.262 -15.814 -15.781 -15.589 -15.172 -14.892 
1.61616 -14.294 -16.064 -16.481 -16.186 -16.120 -15.831 -15.588 -15.471 -14.874 
1.81818 -13.486 -15.867 -16.392 -16.226 -15.945 -15.968 -15.572 -15.313 -15.525 
2.02020 -13.331 -15.788 -16.466 -16.280 -16.122 -15.853 -15.917 -15.648 -14.974 
2.22222 -13.239 -15.678 -16.402 -16.205 -15.884 -15.927 -15.890 -15.830 -15.967 
2.42424 -12.864 -15.463 -16.074 -16.216 -16.039 -15.772 -15.703 -15.955 -15.508 
2.62626 -12.556 -15.173 -15.876 -15.947 -15.956 -15.938 -15.758 -15.846 -15.577 
2.82828 -12.528 -14.943 -15.765 -15.813 -15.646 -15.928 -15.582 -15.631 -15.358 
3.03030 -12.065 -14.635 -15.477 -15.453 -15.636 -15.662 -15.480 -15.525 -15.545 
3.23232 -11.852 -14.234 -15.198 -15.378 -15.536 -15.534 -15.467 -15.371 -15.264 
3.43434 -11.641 -13.941 -14.759 -15.058 -15.237 -15.255 -15.361 -15.435 -15.138 
3.63636 -11.508 -13.580 -14.528 -14.866 -15.330 -15.235 -15.356 -15.384 -15.154 
3.83838 -11.465 -13.632 -14.623 -14.935 -15.050 -15.186 -15.221 -15.150 -15.160 
4.04040 -11.170 -13.250 -14.354 -14.730 -15.040 -15.085 -15.044 -15.244 -14.973 
4.24242 -10.980 -13.196 -14.037 -14.434 -14.777 -15.046 -15.004 -14.968 -14.942 
4.44444 -10.859 -13.011 -13.855 -14.338 -14.660 -14.937 -14.956 -14.872 -14.939 
4.64646 -10.659 -12.895 -13.767 -14.389 -14.740 -14.815 -14.931 -15.028 -14.823 
4.84848 -10.502 -12.560 -13.726 -14.207 -14.647 -14.805 -14.832 -14.775 -14.866 
5.05051 -10.502 -12.538 -13.317 -14.193 -14.504 -14.697 -14.821 -14.667 -14.684 
5.25253 -10.313 -12.311 -13.380 -13.938 -14.540 -14.716 -14.709 -14.826 -14.808 
5.45455 -10.356 -11.936 -13.238 -13.931 -14.369 -14.607 -14.598 -14.547 -14.519 
5.65657 -9.914 -11.908 -12.913 -13.721 -14.191 -14.607 -14.564 -14.496 -14.725 
5.85859 -10.302 -12.211 -13.154 -13.815 -14.229 -14.484 -14.611 -14.370 -14.522 
6.06061 -9.785 -11.501 -12.932 -13.626 -14.180 -14.403 -14.518 -14.422 -14.356 
6.26263 -9.619 -11.764 -12.685 -13.571 -14.122 -14.360 -14.438 -14.478 -14.521 
6.46465 -9.518 -11.461 -12.559 -13.301 -14.136 -14.373 -14.314 -14.365 -14.245 
6.66667 -9.272 -11.370 -12.520 -13.314 -13.893 -14.245 -14.268 -14.365 -14.273 
6.86869 -9.346 -11.063 -12.409 -13.275 -13.852 -14.101 -14.274 -14.289 -14.250 
7.07071 -9.041 -11.212 -12.442 -13.173 -13.905 -14.169 -14.197 -14.363 -14.133 
7.27273 -9.620 -11.348 -12.493 -13.250 -13.797 -14.055 -14.089 -14.133 -14.202 
7.47475 -9.084 -10.872 -12.090 -12.974 -13.611 -13.973 -14.181 -14.052 -13.926 
7.67677 -8.525 -10.599 -12.024 -13.020 -13.604 -13.995 -14.063 -14.105 -13.944 
7.87879 -8.435 -10.557 -11.929 -12.922 -13.609 -13.906 -14.005 -14.022 -14.000 
8.08081 -8.549 -10.828 -11.987 -12.883 -13.517 -14.017 -13.873 -14.000 -13.877 
8.28283 -8.310 -10.218 -11.661 -12.772 -13.409 -13.772 -13.872 -13.901 -13.865 
8.48485 -8.152 -10.387 -11.702 -12.705 -13.324 -13.679 -13.862 -13.989 -13.899 
8.68687 -7.851 -10.354 -11.627 -12.814 -13.298 -13.737 -13.877 -13.864 -13.833 
8.88889 -8.244 -10.046 -11.522 -12.510 -13.260 -13.646 -13.736 -13.827 -13.789 
9.09091 -8.520 -9.930 -11.382 -12.548 -13.246 -13.557 -13.747 -13.828 -13.628 
9.29293 -8.060 -10.030 -11.347 -12.339 -13.160 -13.482 -13.685 -13.789 -13.904 
9.49495 -7.665 -9.722 -11.131 -12.349 -13.144 -13.492 -13.636 -13.676 -13.775 
9.69697 -7.202 -9.493 -10.982 -12.290 -13.139 -13.487 -13.628 -13.731 -13.721 
9.89899 -7.247 -9.513 -11.118 -12.292 -13.052 -13.410 -13.582 -13.683 -13.584 
10.10101 -6.795 -9.505 -11.093 -12.289 -12.977 -13.366 -13.595 -13.566 -13.668 
10.30303 -6.847 -9.254 -10.978 -12.074 -12.770 -13.249 -13.481 -13.511 -13.633 
10.50505 -6.340 -9.061 -10.765 -12.023 -12.836 -13.196 -13.412 -13.569 -13.556 
10.70707 -6.896 -8.929 -10.721 -11.995 -12.789 -13.280 -13.423 -13.585 -13.495 
10.90909 -6.084 -8.711 -10.604 -11.852 -12.623 -13.071 -13.416 -13.492 -13.521 
11.11111 -6.011 -8.735 -10.521 -11.787 -12.585 -13.054 -13.332 -13.438 -13.456 
11.31313 -5.829 -8.396 -10.406 -11.739 -12.505 -13.037 -13.230 -13.402 -13.400 
11.51515 -5.711 -8.521 -10.356 -11.685 -12.523 -12.949 -13.267 -13.339 -13.274 
11.71717 -5.614 -8.178 -10.129 -11.527 -12.472 -12.883 -13.253 -13.293 -13.277 
11.91919 -5.392 -8.353 -10.112 -11.428 -12.370 -12.856 -13.215 -13.306 -13.341 
12.12121 -5.164 -8.104 -10.190 -11.420 -12.337 -12.768 -13.166 -13.252 -13.287 
12.32323 -5.037 -8.113 -10.140 -11.507 -12.313 -12.741 -13.143 -13.201 -13.308 
12.52525 -4.873 -7.870 -10.052 -11.382 -12.154 -12.582 -13.076 -13.280 -13.288 
12.72727 -4.653 -9.231 -9.706 -11.201 -12.156 -12.600 -12.971 -13.141 -13.260 
12.92929 -4.614 -7.552 -9.731 -11.125 -12.016 -12.612 -13.017 -13.181 -13.206 
13.13131 -4.612 -7.296 -9.527 -11.230 -12.009 -12.519 -12.892 -13.038 -13.281 
13.33333 -4.536 -7.470 -9.414 -11.153 -11.995 -12.456 -12.842 -13.053 -13.100 
13.53535 -4.263 -7.797 -9.404 -11.037 -11.995 -12.439 -12.784 -12.966 -13.025 
13.73737 -4.761 -7.231 -9.388 -10.828 -11.792 -12.317 -12.749 -13.009 -13.027 
13.93939 -3.944 -7.044 -9.290 -10.718 -11.812 -12.299 -12.764 -12.995 -13.017 
14.14141 -3.897 -6.634 -9.190 -10.768 -11.741 -12.222 -12.669 -12.933 -12.967 
14.34343 -3.888 -6.722 -9.116 -10.550 -11.548 -12.237 -12.643 -12.916 -12.980 
14.54545 -3.688 -6.699 -9.036 -10.653 -11.552 -12.111 -12.604 -12.847 -12.898 
14.74747 -3.690 -6.710 -8.869 -10.670 -11.538 -12.059 -12.649 -12.794 -12.905 
14.94949 -3.525 -6.214 -8.829 -10.385 -11.464 -11.971 -12.578 -12.798 -12.989 
15.15152 -3.369 -6.317 -8.801 -10.389 -11.367 -11.927 -12.515 -12.743 -12.934 
15.35354 -3.481 -6.539 -8.650 -10.251 -11.397 -11.884 -12.439 -12.770 -12.846 
15.55556 -3.166 -6.224 -8.505 -10.330 -11.297 -11.797 -12.414 -12.774 -12.799 
15.75758 -3.123 -6.046 -8.292 -10.190 -11.220 -11.770 -12.365 -12.684 -12.891 
15.95960 -3.044 -5.704 -8.427 -10.117 -11.216 -11.757 -12.324 -12.688 -12.805 
16.16162 -2.888 -5.847 -8.213 -9.987 -11.117 -11.748 -12.281 -12.654 -12.759 
16.36364 -2.794 -5.704 -8.167 -9.936 -11.043 -11.627 -12.301 -12.632 -12.726 
16.56566 -2.675 -5.726 -8.091 -9.960 -10.981 -11.633 -12.223 -12.625 -12.735 
16.76768 -2.601 -5.549 -8.059 -9.832 -11.125 -11.562 -12.231 -12.613 -12.706 
16.96970 -2.498 -5.503 -7.920 -9.756 -10.963 -11.571 -12.173 -12.525 -12.738 
17.17172 -2.364 -5.617 -7.831 -9.695 -10.843 -11.540 -12.135 -12.546 -12.667 
17.37374 -2.430 -5.302 -7.847 -9.631 -10.782 -11.502 -12.149 -12.540 -12.689 
17.57576 -2.210 -5.027 -7.721 -9.619 -10.773 -11.455 -12.100 -12.521 -12.696 
17.77778 -2.016 -5.050 -7.634 -9.572 -10.720 -11.389 -12.058 -12.490 -12.624 
17.97980 -1.883 -4.336 -7.549 -9.456 -10.707 -11.333 -12.075 -12.454 -12.623 
18.18182 -1.863 -4.855 -7.482 -9.420 -10.636 -11.316 -12.039 -12.475 -12.714 
18.38384 -1.610 -4.168 -7.449 -9.415 -10.583 -11.255 -11.957 -12.469 -12.559 
18.58586 -1.453 -4.873 -7.278 -9.344 -10.784 -11.244 -11.937 -12.388 -12.598 
18.78788 -1.351 -4.531 -7.065 -9.150 -10.639 -11.220 -11.925 -12.434 -12.600 
18.98990 -1.227 -4.367 -7.123 -9.197 -10.455 -11.130 -11.948 -12.377 -12.598 
19.19192 -1.126 -4.028 -6.967 -9.047 -10.335 -11.118 -11.845 -12.340 -12.543 
19.39394 -1.041 -3.938 -6.981 -8.873 -10.325 -11.065 -11.817 -12.285 -12.513 
19.59596 -1.026 -3.896 -6.734 -8.965 -10.232 -11.001 -11.739 -12.251 -12.448 
19.79798 -0.777 -3.933 -6.611 -8.771 -10.103 -10.901 -11.719 -12.219 -12.396 
20.00000 -0.664 -3.894 -6.165 -8.599 -10.012 -10.817 -11.625 -12.147 -12.357 
