# t[days] u g r i z y J H K
0.20202 -10.780 -12.321 -11.064 -11.081 -10.890 -8.994 -7.914 -5.654 -5.648 
0.40404 -14.241 -14.927 -15.068 -14.520 -13.845 -14.570 -13.648 -12.166 -13.424 
0.60606 -14.850 -15.722 -16.024 -15.739 -15.328 -15.186 -14.493 -14.786 -13.917 
0.80808 -15.251 -16.267 -16.647 -16.385 -16.130 -15.762 -15.491 -14.678 -12.962 
1.01010 -15.120 -16.424 -16.921 -16.742 -16.281 -15.998 -15.670 -15.532 -14.802 
1.21212 -14.948 -16.437 -16.891 -16.933 -16.588 -16.387 -15.947 -15.294 -15.502 
1.41414 -14.705 -16.346 -16.960 -16.885 -16.602 -16.370 -15.996 -15.865 -15.314 
1.61616 -14.359 -16.204 -16.891 -16.841 -16.630 -16.404 -16.171 -16.101 -15.425 
1.81818 -13.948 -16.014 -16.757 -16.707 -16.536 -16.429 -16.215 -15.986 -15.563 
2.02020 -13.514 -15.735 -16.556 -16.554 -16.419 -16.364 -16.105 -15.743 -15.460 
2.22222 -12.997 -15.365 -16.273 -16.330 -16.142 -16.270 -16.054 -15.901 -15.506 
2.42424 -12.562 -15.060 -15.947 -16.086 -16.012 -16.055 -15.906 -15.673 -15.550 
2.62626 -12.178 -14.769 -15.732 -15.836 -15.831 -15.898 -15.728 -15.740 -15.374 
2.82828 -11.917 -14.446 -15.345 -15.520 -15.721 -15.747 -15.670 -15.479 -15.300 
3.03030 -11.646 -14.211 -15.069 -15.396 -15.503 -15.575 -15.563 -15.331 -15.193 
3.23232 -11.042 -13.748 -14.801 -15.167 -15.463 -15.422 -15.391 -15.300 -15.045 
3.43434 -10.756 -13.466 -14.533 -14.891 -15.233 -15.337 -15.242 -15.250 -14.914 
3.63636 -10.504 -13.275 -14.404 -14.852 -15.056 -15.104 -15.216 -15.206 -14.946 
3.83838 -10.270 -13.083 -14.146 -14.716 -14.913 -15.030 -15.028 -15.069 -14.974 
4.04040 -10.069 -12.876 -14.029 -14.570 -14.837 -14.844 -14.985 -15.010 -14.855 
4.24242 -9.845 -12.714 -13.861 -14.356 -14.725 -14.836 -14.978 -14.808 -14.562 
4.44444 -9.754 -12.446 -13.707 -14.236 -14.595 -14.737 -14.715 -14.658 -14.716 
4.64646 -9.546 -12.379 -13.565 -14.065 -14.380 -14.649 -14.748 -14.653 -14.647 
4.84848 -9.426 -12.037 -13.345 -13.987 -14.388 -14.529 -14.586 -14.572 -14.614 
5.05051 -9.095 -11.847 -13.182 -13.980 -14.266 -14.485 -14.534 -14.548 -14.562 
5.25253 -8.990 -11.683 -13.028 -13.696 -14.243 -14.441 -14.458 -14.552 -14.417 
5.45455 -8.741 -11.553 -12.862 -13.665 -14.083 -14.313 -14.439 -14.476 -14.345 
5.65657 -8.691 -11.445 -12.782 -13.495 -13.996 -14.247 -14.307 -14.341 -14.400 
5.85859 -8.627 -11.221 -12.684 -13.420 -13.963 -14.191 -14.264 -14.375 -14.230 
6.06061 -8.295 -11.084 -12.478 -13.334 -13.761 -14.176 -14.255 -14.263 -14.341 
6.26263 -8.097 -10.800 -12.316 -13.188 -13.740 -13.932 -14.115 -14.237 -14.303 
6.46465 -7.959 -10.749 -12.330 -13.129 -13.653 -13.904 -14.123 -14.216 -14.178 
6.66667 -8.054 -10.581 -12.099 -13.000 -13.555 -13.750 -14.065 -14.152 -14.171 
6.86869 -7.662 -10.325 -12.015 -12.948 -13.533 -13.713 -14.001 -14.032 -14.125 
7.07071 -7.610 -10.424 -11.882 -12.852 -13.513 -13.765 -13.966 -14.063 -14.089 
7.27273 -7.308 -10.066 -11.774 -12.738 -13.331 -13.625 -13.749 -13.995 -14.032 
7.47475 -7.164 -9.957 -11.650 -12.636 -13.308 -13.503 -13.806 -13.837 -13.975 
7.67677 -7.139 -9.747 -11.623 -12.509 -13.239 -13.548 -13.752 -13.868 -13.958 
7.87879 -6.905 -9.570 -11.441 -12.383 -13.126 -13.470 -13.677 -13.848 -13.850 
8.08081 -6.449 -9.612 -11.258 -12.338 -13.064 -13.422 -13.580 -13.799 -13.884 
8.28283 -6.515 -9.344 -11.076 -12.328 -12.971 -13.301 -13.595 -13.698 -13.788 
8.48485 -6.221 -9.206 -11.055 -12.195 -12.900 -13.195 -13.520 -13.639 -13.756 
8.68687 -6.302 -9.078 -10.963 -12.164 -12.788 -13.160 -13.461 -13.620 -13.681 
8.88889 -5.830 -9.237 -10.784 -12.046 -12.709 -13.085 -13.405 -13.589 -13.685 
9.09091 -5.985 -8.834 -10.690 -12.012 -12.678 -13.088 -13.354 -13.524 -13.626 
9.29293 -5.445 -8.565 -10.629 -11.795 -12.501 -13.004 -13.201 -13.457 -13.584 
9.49495 -5.571 -8.537 -10.480 -11.777 -12.487 -12.914 -13.195 -13.393 -13.526 
9.69697 -5.350 -8.407 -10.425 -11.658 -12.423 -12.841 -13.157 -13.335 -13.482 
9.89899 -5.234 -8.525 -10.202 -11.511 -12.370 -12.721 -13.080 -13.296 -13.396 
10.10101 -4.836 -7.946 -10.132 -11.531 -12.266 -12.680 -13.047 -13.318 -13.401 
10.30303 -4.680 -7.969 -9.927 -11.417 -12.183 -12.603 -12.994 -13.216 -13.369 
10.50505 -4.569 -7.814 -9.951 -11.284 -12.080 -12.548 -12.878 -13.144 -13.323 
10.70707 -4.625 -7.608 -9.723 -11.175 -12.038 -12.496 -12.866 -13.116 -13.335 
10.90909 -4.340 -7.538 -9.647 -11.102 -11.958 -12.397 -12.787 -13.031 -13.224 
11.11111 -4.261 -7.523 -9.594 -11.058 -11.924 -12.409 -12.738 -13.070 -13.170 
11.31313 -4.044 -7.139 -9.478 -10.991 -11.864 -12.319 -12.713 -12.961 -13.155 
11.51515 -4.243 -7.161 -9.397 -10.952 -11.743 -12.263 -12.680 -12.907 -13.069 
11.71717 -3.686 -6.927 -9.270 -10.797 -11.784 -12.217 -12.585 -12.915 -13.042 
11.91919 -4.032 -6.939 -9.302 -10.768 -11.690 -12.181 -12.568 -12.877 -13.051 
12.12121 -3.346 -6.560 -9.082 -10.675 -11.596 -12.128 -12.599 -12.832 -13.009 
12.32323 -3.409 -6.318 -8.911 -10.554 -11.596 -12.037 -12.496 -12.789 -12.947 
12.52525 -2.957 -6.362 -8.910 -10.496 -11.456 -11.984 -12.475 -12.764 -12.952 
12.72727 -2.798 -6.177 -8.755 -10.395 -11.454 -11.965 -12.453 -12.721 -12.909 
12.92929 -2.999 -6.105 -8.674 -10.330 -11.384 -11.900 -12.376 -12.673 -12.880 
13.13131 -2.511 -6.103 -8.724 -10.362 -11.410 -11.907 -12.372 -12.700 -12.836 
13.33333 -2.663 -5.934 -8.525 -10.185 -11.270 -11.807 -12.336 -12.613 -12.852 
13.53535 -2.274 -5.784 -8.496 -10.223 -11.223 -11.788 -12.316 -12.642 -12.778 
13.73737 -2.325 -5.683 -8.221 -10.176 -11.192 -11.728 -12.201 -12.571 -12.742 
13.93939 -2.091 -5.460 -8.323 -10.042 -11.119 -11.726 -12.237 -12.583 -12.758 
14.14141 -1.834 -5.118 -8.185 -9.977 -11.096 -11.680 -12.215 -12.596 -12.758 
14.34343 -1.804 -5.480 -8.064 -9.913 -11.057 -11.632 -12.170 -12.512 -12.710 
14.54545 -1.690 -4.897 -8.066 -9.830 -10.992 -11.533 -12.092 -12.505 -12.638 
14.74747 -1.623 -5.170 -7.808 -9.794 -10.900 -11.588 -12.071 -12.474 -12.685 
14.94949 -1.691 -5.052 -7.857 -9.850 -10.926 -11.450 -12.110 -12.440 -12.693 
15.15152 -1.505 -4.773 -7.714 -9.708 -10.825 -11.463 -12.078 -12.458 -12.695 
15.35354 -1.369 -4.692 -7.629 -9.538 -10.776 -11.444 -12.069 -12.366 -12.612 
15.55556 -1.306 -4.582 -7.486 -9.518 -10.778 -11.403 -11.993 -12.390 -12.671 
15.75758 -1.189 -4.481 -7.454 -9.504 -10.696 -11.318 -11.989 -12.385 -12.584 
15.95960 -1.112 -4.527 -7.361 -9.464 -10.672 -11.295 -11.952 -12.370 -12.581 
16.16162 -1.041 -4.375 -7.404 -9.356 -10.638 -11.271 -11.899 -12.371 -12.601 
16.36364 -0.919 -4.228 -7.346 -9.307 -10.572 -11.255 -11.877 -12.294 -12.605 
16.56566 -0.857 -4.129 -7.116 -9.232 -10.490 -11.153 -11.815 -12.272 -12.573 
16.76768 -0.769 -3.810 -7.195 -9.179 -10.459 -11.123 -11.828 -12.274 -12.476 
16.96970 -0.633 -3.745 -7.011 -9.169 -10.380 -11.102 -11.803 -12.231 -12.478 
17.17172 -0.504 -3.366 -6.885 -9.095 -10.431 -11.133 -11.760 -12.216 -12.446 
17.37374 -0.412 -4.201 -6.859 -9.108 -10.358 -11.072 -11.709 -12.221 -12.467 
17.57576 -0.254 -3.719 -6.893 -9.056 -10.278 -11.050 -11.795 -12.144 -12.460 
17.77778 -0.169 -3.393 -6.648 -8.977 -10.220 -10.940 -11.632 -12.211 -12.451 
17.97980 0.056 -3.529 -6.715 -8.827 -10.165 -10.871 -11.637 -12.137 -12.379 
18.18182 0.121 -3.222 -6.525 -8.729 -10.148 -10.841 -11.630 -12.111 -12.407 
18.38384 0.218 -3.376 -6.562 -8.698 -10.061 -10.855 -11.535 -12.130 -12.326 
18.58586 0.329 -2.777 -6.580 -8.610 -10.005 -10.773 -11.550 -12.035 -12.334 
18.78788 0.452 -2.901 -6.032 -8.593 -10.018 -10.737 -11.571 -12.059 -12.288 
18.98990 0.627 -2.978 -5.982 -8.589 -10.002 -10.660 -11.447 -11.977 -12.324 
19.19192 0.750 -3.144 -6.015 -8.526 -9.865 -10.629 -11.427 -11.922 -12.244 
19.39394 0.968 -3.249 -5.829 -8.465 -9.911 -10.594 -11.307 -11.899 -12.223 
19.59596 0.892 -2.732 -5.861 -8.375 -9.750 -10.450 -11.287 -11.849 -12.098 
19.79798 1.136 -1.917 -5.479 -8.086 -9.667 -10.452 -11.257 -11.749 -12.067 
20.00000 1.324 -2.122 -5.572 -7.922 -9.524 -10.387 -11.098 -11.716 -11.983 
