# t[days] u g r i z y J H K
0.20202 -10.780 -11.088 -12.170 -12.670 -12.328 -11.191 -12.177 -13.379 -12.520 
0.40404 -13.011 -14.143 -14.005 -14.170 -14.112 -14.370 -13.478 -13.090 -11.423 
0.60606 -14.030 -14.517 -15.080 -15.412 -15.372 -15.173 -15.029 -14.539 -13.814 
0.80808 -13.642 -14.875 -15.488 -15.872 -15.967 -15.790 -15.769 -15.143 -14.866 
1.01010 -13.447 -14.694 -15.413 -15.776 -16.033 -15.992 -15.849 -15.449 -15.237 
1.21212 -12.669 -14.430 -15.439 -15.891 -15.951 -16.015 -15.862 -15.634 -15.056 
1.41414 -12.410 -14.296 -15.107 -15.717 -15.998 -15.910 -16.001 -15.920 -15.647 
1.61616 -12.119 -13.895 -15.032 -15.722 -15.929 -15.994 -16.090 -15.823 -15.715 
1.81818 -11.677 -13.699 -14.874 -15.460 -15.809 -15.961 -16.005 -15.936 -15.734 
2.02020 -11.522 -13.197 -14.539 -15.213 -15.610 -15.874 -15.891 -15.823 -15.736 
2.22222 -11.138 -12.819 -14.099 -14.987 -15.589 -15.636 -15.818 -15.825 -15.616 
2.42424 -11.041 -12.547 -13.864 -14.869 -15.498 -15.618 -15.673 -15.767 -15.638 
2.62626 -10.833 -12.317 -13.549 -14.614 -15.291 -15.496 -15.577 -15.667 -15.573 
2.82828 -10.627 -11.934 -13.408 -14.342 -15.098 -15.248 -15.475 -15.537 -15.591 
3.03030 -10.428 -11.727 -13.257 -14.375 -14.992 -15.217 -15.410 -15.578 -15.414 
3.23232 -10.211 -11.910 -13.086 -14.076 -14.818 -15.126 -15.236 -15.344 -15.478 
3.43434 -10.085 -11.360 -12.683 -14.010 -14.693 -14.956 -15.259 -15.289 -15.294 
3.63636 -9.841 -11.224 -12.722 -13.878 -14.568 -14.825 -15.072 -15.272 -15.347 
3.83838 -9.661 -10.955 -12.448 -13.739 -14.404 -14.700 -14.932 -15.176 -15.164 
4.04040 -9.525 -10.730 -12.448 -13.631 -14.395 -14.624 -14.835 -15.095 -15.249 
4.24242 -9.378 -10.480 -12.058 -13.390 -14.239 -14.480 -14.767 -15.047 -15.028 
4.44444 -9.079 -10.581 -12.044 -13.365 -14.083 -14.432 -14.664 -14.930 -15.036 
4.64646 -8.803 -10.238 -11.766 -13.145 -13.982 -14.342 -14.554 -14.783 -14.934 
4.84848 -8.636 -10.363 -11.774 -13.043 -13.819 -14.220 -14.465 -14.693 -14.848 
5.05051 -8.365 -10.173 -11.539 -12.802 -13.669 -14.009 -14.273 -14.738 -14.829 
5.25253 -8.240 -9.999 -11.742 -12.919 -13.632 -13.978 -14.141 -14.392 -14.479 
5.45455 -8.140 -9.744 -11.539 -12.735 -13.582 -13.934 -14.167 -14.369 -14.474 
5.65657 -7.922 -9.900 -11.377 -12.517 -13.429 -13.749 -13.931 -14.191 -14.427 
5.85859 -7.853 -9.560 -11.240 -12.478 -13.270 -13.730 -13.870 -14.113 -14.327 
6.06061 -7.657 -9.322 -11.005 -12.417 -13.168 -13.628 -13.803 -14.028 -14.216 
6.26263 -7.333 -9.275 -11.072 -12.353 -13.083 -13.576 -13.669 -13.999 -14.201 
6.46465 -7.349 -9.459 -10.993 -12.222 -12.987 -13.334 -13.609 -13.838 -14.146 
6.66667 -6.964 -9.026 -10.882 -12.134 -12.953 -13.235 -13.614 -13.775 -14.038 
6.86869 -6.757 -8.969 -10.681 -12.081 -12.864 -13.222 -13.467 -13.720 -13.958 
7.07071 -6.539 -8.770 -10.512 -12.020 -12.769 -13.183 -13.344 -13.636 -13.699 
7.27273 -6.401 -8.521 -10.447 -11.897 -12.683 -13.071 -13.291 -13.470 -13.724 
7.47475 -6.259 -8.657 -10.461 -11.838 -12.588 -12.917 -13.186 -13.483 -13.745 
7.67677 -6.168 -8.404 -10.272 -11.751 -12.589 -12.893 -13.126 -13.361 -13.650 
7.87879 -5.789 -8.332 -10.301 -11.656 -12.513 -12.853 -13.084 -13.288 -13.571 
8.08081 -5.657 -8.169 -10.256 -11.585 -12.352 -12.719 -12.974 -13.230 -13.465 
8.28283 -5.364 -8.040 -10.043 -11.516 -12.331 -12.657 -12.889 -13.187 -13.331 
8.48485 -5.437 -7.777 -9.921 -11.365 -12.289 -12.586 -12.849 -13.132 -13.344 
8.68687 -5.082 -7.877 -9.778 -11.226 -12.127 -12.531 -12.801 -13.039 -13.139 
8.88889 -5.137 -7.596 -9.739 -11.204 -12.108 -12.547 -12.707 -12.909 -13.143 
9.09091 -4.704 -7.453 -9.707 -11.106 -12.059 -12.371 -12.675 -12.865 -13.117 
9.29293 -4.645 -7.472 -9.578 -11.040 -11.947 -12.360 -12.668 -12.819 -13.011 
9.49495 -4.649 -7.239 -9.437 -11.035 -11.839 -12.253 -12.568 -12.789 -13.008 
9.69697 -4.295 -7.231 -9.351 -10.922 -11.804 -12.249 -12.512 -12.725 -13.034 
9.89899 -4.272 -6.793 -9.252 -10.841 -11.753 -12.146 -12.522 -12.633 -12.864 
10.10101 -3.843 -6.919 -9.221 -10.740 -11.618 -12.058 -12.418 -12.626 -12.802 
10.30303 -3.625 -6.824 -9.138 -10.729 -11.649 -12.056 -12.407 -12.620 -12.683 
10.50505 -3.855 -6.746 -8.962 -10.619 -11.572 -12.003 -12.332 -12.527 -12.653 
10.70707 -3.471 -6.467 -8.926 -10.539 -11.525 -11.982 -12.334 -12.519 -12.638 
10.90909 -3.168 -6.355 -8.838 -10.471 -11.421 -11.879 -12.278 -12.545 -12.680 
11.11111 -3.018 -6.252 -8.764 -10.424 -11.418 -11.857 -12.182 -12.457 -12.652 
11.31313 -2.986 -6.226 -8.611 -10.303 -11.298 -11.824 -12.202 -12.397 -12.657 
11.51515 -2.761 -6.116 -8.561 -10.244 -11.208 -11.753 -12.193 -12.404 -12.499 
11.71717 -2.480 -5.783 -8.581 -10.231 -11.215 -11.694 -12.097 -12.379 -12.695 
11.91919 -2.485 -5.800 -8.451 -10.107 -11.180 -11.700 -12.127 -12.379 -12.580 
12.12121 -2.293 -5.598 -8.366 -10.188 -11.097 -11.610 -12.101 -12.336 -12.504 
12.32323 -2.157 -5.569 -8.192 -10.061 -11.034 -11.588 -12.060 -12.297 -12.454 
12.52525 -2.214 -5.852 -8.119 -10.011 -11.093 -11.563 -12.053 -12.299 -12.486 
12.72727 -1.973 -5.344 -8.021 -9.901 -10.951 -11.535 -11.959 -12.338 -12.383 
12.92929 -1.907 -5.316 -7.931 -9.840 -10.883 -11.469 -11.945 -12.189 -12.342 
13.13131 -1.744 -5.225 -7.894 -9.773 -10.882 -11.424 -11.924 -12.266 -12.397 
13.33333 -1.644 -5.144 -7.871 -9.693 -10.814 -11.374 -11.920 -12.192 -12.337 
13.53535 -1.528 -4.444 -7.611 -9.606 -10.746 -11.376 -11.869 -12.143 -12.389 
13.73737 -1.421 -4.506 -7.662 -9.614 -10.736 -11.379 -11.806 -12.166 -12.342 
13.93939 -1.338 -4.292 -7.577 -9.635 -10.661 -11.243 -11.775 -12.152 -12.325 
14.14141 -1.308 -4.374 -7.454 -9.402 -10.642 -11.180 -11.786 -12.122 -12.322 
14.34343 -1.090 -4.510 -7.418 -9.405 -10.579 -11.232 -11.720 -12.095 -12.308 
14.54545 -0.965 -4.509 -7.376 -9.355 -10.556 -11.223 -11.678 -12.049 -12.237 
14.74747 -0.826 -3.742 -7.076 -9.234 -10.379 -11.166 -11.713 -12.079 -12.169 
14.94949 -0.656 -4.020 -7.007 -9.201 -10.411 -11.028 -11.591 -12.011 -12.202 
15.15152 -0.537 -3.959 -7.032 -9.093 -10.319 -10.955 -11.576 -11.973 -12.143 
15.35354 -0.346 -3.803 -6.819 -9.103 -10.313 -10.982 -11.527 -11.942 -12.150 
15.55556 -0.215 -3.640 -6.932 -9.101 -10.239 -10.933 -11.541 -11.990 -12.117 
15.75758 -0.004 -3.689 -6.741 -8.952 -10.214 -10.827 -11.542 -11.915 -12.171 
15.95960 0.107 -3.645 -6.827 -8.873 -10.151 -10.811 -11.487 -11.888 -12.115 
16.16162 0.245 -3.358 -6.696 -8.850 -10.059 -10.711 -11.406 -11.860 -12.041 
16.36364 0.356 -3.208 -6.487 -8.738 -10.061 -10.722 -11.431 -11.861 -12.055 
16.56566 0.515 -3.316 -6.502 -8.665 -9.979 -10.685 -11.402 -11.814 -12.010 
16.76768 0.658 -2.986 -6.549 -8.572 -9.864 -10.604 -11.302 -11.829 -12.012 
16.96970 0.772 -2.650 -6.410 -8.590 -9.901 -10.584 -11.258 -11.778 -12.059 
17.17172 0.855 -2.511 -6.348 -8.517 -9.815 -10.503 -11.282 -11.787 -12.008 
17.37374 1.064 -2.485 -5.950 -8.377 -9.763 -10.494 -11.193 -11.728 -11.885 
17.57576 1.041 -2.644 -6.022 -8.384 -9.715 -10.403 -11.142 -11.689 -11.876 
17.77778 1.344 -2.918 -5.778 -8.309 -9.646 -10.380 -11.085 -11.643 -11.891 
17.97980 1.437 -2.151 -5.779 -8.190 -9.500 -10.276 -11.041 -11.597 -11.878 
18.18182 1.547 -2.028 -5.868 -8.154 -9.554 -10.255 -11.024 -11.551 -11.874 
18.38384 1.654 -2.194 -5.557 -8.091 -9.472 -10.180 -10.979 -11.546 -11.832 
18.58586 1.755 -2.445 -5.821 -8.034 -9.532 -10.127 -10.943 -11.509 -11.798 
18.78788 0.987 -1.762 -5.774 -8.011 -9.330 -10.009 -10.876 -11.451 -11.799 
18.98990 2.126 -1.420 -5.304 -7.864 -9.333 -10.016 -10.853 -11.445 -11.768 
19.19192 2.285 -1.744 -5.264 -7.838 -9.226 -9.959 -10.802 -11.411 -11.738 
19.39394 2.489 -0.949 -5.200 -7.771 -9.228 -9.908 -10.706 -11.362 -11.648 
19.59596 2.431 -1.320 -5.059 -7.556 -8.994 -9.747 -10.630 -11.246 -11.618 
19.79798 2.703 -0.992 -4.986 -7.437 -8.990 -9.692 -10.475 -11.172 -11.465 
20.00000 2.944 -2.395 -4.612 -7.393 -8.806 -9.628 -10.391 -11.062 -11.394 
