# t[days] u g r i z y J H K
0.20202 -12.128 -13.322 -13.163 -12.672 -12.466 -12.201 -9.504 8.043 nan 
0.40404 -13.909 -14.485 -14.254 -14.041 -14.189 -13.343 -12.643 -11.811 -3.279 
0.60606 -13.941 -14.752 -14.871 -14.421 -13.763 -13.612 -13.607 -13.566 -12.741 
0.80808 -13.783 -14.713 -14.790 -14.458 -14.227 -13.815 -13.710 -13.123 -12.475 
1.01010 -13.770 -14.880 -15.046 -14.841 -15.067 -14.820 -14.639 -14.070 -13.957 
1.21212 -13.517 -14.856 -15.207 -15.385 -15.369 -15.304 -15.045 -14.585 -14.594 
1.41414 -13.711 -14.929 -15.249 -15.318 -15.485 -15.559 -15.310 -14.888 -14.876 
1.61616 -13.397 -14.457 -15.002 -15.281 -15.542 -15.680 -15.407 -15.134 -14.987 
1.81818 -13.160 -14.357 -14.879 -15.302 -15.503 -15.593 -15.435 -15.138 -14.812 
2.02020 -12.724 -13.933 -14.589 -15.084 -15.422 -15.523 -15.408 -14.947 -14.869 
2.22222 -12.441 -13.677 -14.370 -14.872 -15.311 -15.437 -15.157 -14.971 -14.862 
2.42424 -12.417 -13.552 -14.219 -14.841 -15.207 -15.239 -15.097 -14.993 -14.685 
2.62626 -11.928 -13.107 -14.011 -14.644 -15.024 -15.181 -14.986 -14.846 -14.600 
2.82828 -11.776 -12.969 -13.755 -14.544 -14.947 -15.086 -14.922 -14.588 -14.419 
3.03030 -11.470 -12.763 -13.608 -14.408 -14.761 -15.022 -14.824 -14.554 -14.533 
3.23232 -11.439 -12.601 -13.577 -14.202 -14.657 -14.870 -14.708 -14.508 -14.366 
3.43434 -10.950 -12.355 -13.361 -14.120 -14.526 -14.671 -14.619 -14.297 -14.178 
3.63636 -10.882 -12.284 -13.196 -13.987 -14.406 -14.602 -14.448 -14.254 -14.013 
3.83838 -10.574 -12.088 -13.038 -13.759 -14.269 -14.459 -14.333 -14.143 -13.803 
4.04040 -10.192 -11.764 -12.906 -13.647 -14.115 -14.272 -14.183 -13.959 -13.775 
4.24242 -10.067 -11.601 -12.734 -13.437 -14.001 -14.243 -14.153 -13.864 -13.657 
4.44444 -9.929 -11.535 -12.689 -13.387 -13.848 -14.147 -14.003 -13.712 -13.669 
4.64646 -9.550 -11.327 -12.500 -13.238 -13.759 -14.020 -13.856 -13.648 -13.456 
4.84848 -9.316 -11.095 -12.335 -13.082 -13.649 -13.904 -13.822 -13.607 -13.273 
5.05051 -8.863 -10.985 -12.268 -13.034 -13.539 -13.649 -13.724 -13.550 -13.396 
5.25253 -8.752 -10.743 -12.083 -12.898 -13.424 -13.654 -13.530 -13.440 -13.229 
5.45455 -8.413 -10.515 -11.802 -12.701 -13.305 -13.561 -13.484 -13.334 -13.301 
5.65657 -7.998 -10.308 -11.766 -12.612 -13.211 -13.420 -13.391 -13.199 -12.966 
5.85859 -8.137 -10.284 -11.730 -12.567 -13.146 -13.384 -13.337 -13.224 -12.977 
6.06061 -7.802 -10.060 -11.434 -12.456 -12.980 -13.208 -13.240 -13.136 -12.864 
6.26263 -7.339 -9.923 -11.417 -12.334 -12.925 -13.160 -13.172 -13.068 -12.959 
6.46465 -7.365 -9.860 -11.283 -12.258 -12.821 -13.016 -13.073 -13.044 -12.795 
6.66667 -7.509 -9.531 -11.060 -12.060 -12.712 -12.987 -12.944 -12.940 -12.772 
6.86869 -6.643 -9.334 -11.002 -12.000 -12.572 -12.906 -13.023 -12.887 -12.664 
7.07071 -6.348 -9.129 -10.890 -11.898 -12.597 -12.826 -12.870 -12.825 -12.604 
7.27273 -6.382 -8.910 -10.692 -11.781 -12.398 -12.740 -12.812 -12.726 -12.638 
7.47475 -5.804 -8.853 -10.555 -11.720 -12.277 -12.601 -12.739 -12.700 -12.576 
7.67677 -5.451 -8.898 -10.461 -11.663 -12.307 -12.594 -12.722 -12.689 -12.535 
7.87879 -5.477 -8.441 -10.362 -11.554 -12.202 -12.520 -12.718 -12.606 -12.550 
8.08081 -5.253 -8.313 -10.187 -11.497 -12.160 -12.410 -12.611 -12.642 -12.498 
8.28283 -4.881 -8.257 -10.090 -11.366 -12.132 -12.382 -12.574 -12.532 -12.458 
8.48485 -4.472 -8.122 -10.130 -11.291 -11.984 -12.326 -12.491 -12.609 -12.485 
8.68687 -4.290 -7.869 -9.909 -11.169 -11.928 -12.280 -12.498 -12.572 -12.381 
8.88889 -3.947 -7.605 -9.790 -11.109 -11.924 -12.193 -12.428 -12.568 -12.368 
9.09091 -4.334 -7.739 -9.613 -11.082 -11.814 -12.160 -12.426 -12.506 -12.319 
9.29293 -4.384 -7.401 -9.651 -10.981 -11.727 -12.137 -12.353 -12.440 -12.389 
9.49495 -4.931 -7.290 -9.435 -10.879 -11.648 -12.084 -12.275 -12.455 -12.378 
9.69697 -3.419 -7.175 -9.395 -10.873 -11.601 -11.991 -12.276 -12.416 -12.211 
9.89899 -3.306 -6.981 -9.256 -10.755 -11.525 -11.955 -12.268 -12.424 -12.308 
10.10101 -2.766 -6.835 -9.104 -10.672 -11.528 -11.893 -12.214 -12.359 -12.250 
10.30303 -3.231 -6.706 -9.172 -10.631 -11.440 -11.821 -12.175 -12.338 -12.298 
10.50505 -2.901 -6.353 -8.937 -10.456 -11.395 -11.779 -12.143 -12.332 -12.288 
10.70707 -2.506 -6.346 -8.822 -10.419 -11.331 -11.716 -12.081 -12.245 -12.209 
10.90909 -2.553 -6.008 -8.715 -10.383 -11.339 -11.678 -12.063 -12.215 -12.230 
11.11111 -3.200 -6.104 -8.705 -10.325 -11.203 -11.624 -12.010 -12.184 -12.272 
11.31313 -1.523 -5.944 -8.532 -10.231 -11.174 -11.563 -12.039 -12.211 -12.127 
11.51515 -1.257 -5.949 -8.540 -10.136 -11.036 -11.512 -11.965 -12.221 -12.106 
11.71717 -2.318 -5.576 -8.311 -10.029 -11.018 -11.485 -11.880 -12.125 -12.157 
11.91919 -1.018 -5.303 -8.292 -10.010 -10.968 -11.440 -11.906 -12.140 -12.122 
12.12121 -1.111 -5.331 -8.130 -9.876 -10.855 -11.312 -11.852 -12.060 -12.182 
12.32323 -0.609 -5.115 -8.085 -9.838 -10.788 -11.272 -11.783 -12.088 -12.069 
12.52525 -0.851 -5.149 -8.032 -9.759 -10.745 -11.277 -11.720 -12.054 -12.034 
12.72727 -1.184 -5.032 -7.908 -9.694 -10.721 -11.179 -11.692 -12.057 -12.105 
12.92929 -0.116 -4.734 -7.830 -9.664 -10.612 -11.148 -11.683 -11.949 -12.062 
13.13131 -0.013 -4.470 -7.585 -9.538 -10.560 -11.043 -11.573 -11.941 -12.032 
13.33333 0.112 -4.871 -7.640 -9.474 -10.464 -10.985 -11.520 -11.903 -11.997 
13.53535 0.350 -4.647 -7.537 -9.398 -10.367 -10.891 -11.463 -11.888 -11.993 
13.73737 0.350 -4.153 -7.287 -9.299 -10.355 -10.913 -11.435 -11.819 -11.979 
13.93939 0.694 -3.878 -7.343 -9.255 -10.268 -10.792 -11.404 -11.769 -11.907 
14.14141 0.741 -3.952 -7.134 -9.100 -10.174 -10.750 -11.328 -11.728 -11.908 
14.34343 1.075 -3.818 -6.901 -8.965 -10.138 -10.658 -11.290 -11.712 -11.840 
14.54545 0.930 -3.355 -6.943 -8.917 -10.037 -10.612 -11.262 -11.646 -11.757 
14.74747 1.266 -3.337 -6.843 -8.877 -10.012 -10.546 -11.180 -11.612 -11.708 
14.94949 1.543 -3.212 -6.689 -8.855 -9.854 -10.510 -11.138 -11.568 -11.731 
15.15152 1.733 -3.236 -6.608 -8.690 -9.847 -10.438 -11.018 -11.509 -11.745 
15.35354 1.077 -3.174 -6.542 -8.635 -9.749 -10.339 -10.957 -11.460 -11.680 
15.55556 2.038 -2.936 -6.279 -8.579 -9.703 -10.283 -10.932 -11.464 -11.661 
15.75758 2.146 -3.332 -6.425 -8.493 -9.621 -10.231 -10.914 -11.396 -11.662 
15.95960 2.248 -2.943 -6.189 -8.392 -9.485 -10.126 -10.821 -11.334 -11.596 
16.16162 1.261 -2.998 -6.205 -8.343 -9.471 -10.034 -10.784 -11.299 -11.546 
16.36364 2.611 -2.758 -5.956 -8.233 -9.434 -10.012 -10.700 -11.273 -11.524 
16.56566 2.626 -2.523 -5.852 -8.146 -9.297 -9.900 -10.645 -11.218 -11.442 
16.76768 2.895 -2.187 -5.892 -8.073 -9.244 -9.867 -10.606 -11.192 -11.487 
16.96970 3.158 -2.144 -5.761 -8.049 -9.227 -9.827 -10.597 -11.140 -11.463 
17.17172 3.256 -2.079 -5.741 -7.976 -9.052 -9.664 -10.543 -11.123 -11.394 
17.37374 3.520 -2.606 -5.646 -7.866 -9.113 -9.678 -10.469 -11.104 -11.392 
17.57576 3.645 -1.311 -5.526 -7.814 -9.041 -9.629 -10.410 -11.059 -11.375 
17.77778 2.544 -1.912 -5.474 -7.722 -8.965 -9.547 -10.353 -11.034 -11.300 
17.97980 4.133 -1.461 -5.337 -7.677 -8.923 -9.454 -10.306 -10.980 -11.267 
18.18182 4.034 -1.662 -5.248 -7.655 -8.815 -9.347 -10.240 -11.000 -11.258 
18.38384 4.285 -1.291 -5.105 -7.590 -8.791 -9.323 -10.226 -10.923 -11.238 
18.58586 4.544 -1.167 -5.285 -7.415 -8.644 -9.282 -10.206 -10.886 -11.246 
18.78788 4.548 -1.036 -5.002 -7.398 -8.596 -9.267 -10.155 -10.815 -11.219 
18.98990 4.689 -1.263 -5.065 -7.260 -8.523 -9.144 -10.118 -10.829 -11.142 
19.19192 4.817 -1.184 -5.050 -7.242 -8.445 -9.099 -9.995 -10.739 -11.161 
19.39394 4.970 -0.938 -4.840 -7.172 -8.364 -9.012 -9.929 -10.676 -11.118 
19.59596 5.099 -0.432 -4.495 -7.068 -8.245 -8.993 -9.879 -10.630 -10.960 
19.79798 5.098 0.201 -4.486 -6.879 -8.218 -8.839 -9.760 -10.507 -10.906 
20.00000 5.340 -0.444 -4.214 -6.688 -7.831 -8.690 -9.557 -10.390 -10.777 
