# t[days] u g r i z y J H K
0.20202 -10.695 -10.426 -10.737 -10.893 -11.926 -8.965 -7.171 -6.518 -3.818 
0.40404 -12.771 -13.638 -13.583 -14.195 -14.012 -13.646 -14.024 -13.741 -13.431 
0.60606 -13.776 -13.855 -14.318 -15.053 -15.099 -14.768 -14.783 -13.705 -14.112 
0.80808 -14.068 -14.894 -14.950 -15.555 -15.553 -15.771 -15.357 -15.137 -14.752 
1.01010 -14.259 -14.812 -15.263 -15.877 -16.030 -16.101 -15.637 -15.405 -15.124 
1.21212 -13.821 -14.927 -15.565 -16.078 -16.416 -16.299 -16.049 -15.775 -15.555 
1.41414 -13.378 -14.407 -15.395 -16.160 -16.413 -16.508 -16.362 -15.863 -15.831 
1.61616 -12.527 -14.257 -15.391 -16.141 -16.483 -16.548 -16.316 -16.168 -16.111 
1.81818 -12.025 -13.799 -15.165 -16.068 -16.478 -16.416 -16.568 -16.413 -16.140 
2.02020 -11.418 -13.105 -14.830 -15.784 -16.146 -16.329 -16.467 -16.255 -15.914 
2.22222 -11.376 -13.199 -14.583 -15.476 -16.109 -16.099 -16.353 -16.231 -16.108 
2.42424 -11.407 -12.805 -14.135 -15.353 -15.837 -16.004 -16.312 -16.283 -16.255 
2.62626 -11.273 -12.187 -13.780 -15.113 -15.792 -15.869 -16.150 -16.268 -16.130 
2.82828 -11.252 -11.914 -13.477 -14.760 -15.500 -15.759 -15.950 -16.042 -15.929 
3.03030 -11.075 -11.732 -13.293 -14.596 -15.195 -15.478 -15.820 -15.951 -15.874 
3.23232 -10.946 -11.660 -13.081 -14.458 -15.192 -15.383 -15.797 -16.067 -16.069 
3.43434 -10.824 -11.328 -12.754 -14.213 -14.906 -15.310 -15.692 -15.836 -16.102 
3.63636 -10.684 -11.227 -12.490 -13.767 -14.843 -15.102 -15.491 -15.896 -15.877 
3.83838 -10.551 -11.182 -12.135 -13.880 -14.818 -14.996 -15.433 -15.809 -15.779 
4.04040 -10.430 -10.911 -12.171 -13.559 -14.432 -14.807 -15.337 -15.651 -15.852 
4.24242 -10.298 -10.800 -11.965 -13.439 -14.436 -14.728 -15.421 -15.750 -15.661 
4.44444 -10.144 -10.674 -11.744 -13.335 -13.916 -14.567 -15.144 -15.465 -15.601 
4.64646 -9.995 -10.537 -11.366 -13.048 -14.122 -14.433 -15.059 -15.513 -15.638 
4.84848 -9.852 -10.427 -11.317 -12.915 -13.994 -14.339 -14.914 -15.370 -15.605 
5.05051 -9.700 -10.273 -11.158 -12.774 -13.851 -14.291 -14.951 -15.245 -15.489 
5.25253 -9.542 -10.195 -11.053 -12.530 -13.809 -14.073 -14.843 -15.285 -15.601 
5.45455 -9.397 -10.025 -10.864 -12.641 -13.603 -13.979 -14.811 -15.144 -15.471 
5.65657 -9.262 -9.923 -10.806 -12.298 -13.571 -13.990 -14.629 -15.115 -15.413 
5.85859 -9.105 -9.826 -10.713 -12.079 -13.413 -13.801 -14.458 -15.067 -15.252 
6.06061 -8.964 -9.706 -10.371 -12.278 -13.208 -13.749 -14.446 -15.067 -15.257 
6.26263 -8.834 -9.599 -10.392 -12.001 -13.054 -13.657 -14.327 -14.986 -15.315 
6.46465 -8.682 -9.477 -10.340 -11.821 -13.075 -13.667 -14.286 -14.810 -15.277 
6.66667 -8.550 -9.378 -10.158 -11.839 -12.967 -13.538 -14.176 -14.853 -15.091 
6.86869 -8.414 -9.264 -9.892 -11.494 -12.768 -13.467 -14.013 -14.688 -15.137 
7.07071 -8.276 -9.139 -9.847 -11.636 -12.773 -13.327 -13.963 -14.719 -15.122 
7.27273 -8.125 -9.010 -9.674 -11.500 -12.683 -13.297 -13.907 -14.512 -15.007 
7.47475 -7.986 -8.892 -9.631 -11.246 -12.572 -13.081 -13.890 -14.510 -15.039 
7.67677 -7.841 -8.786 -9.590 -11.274 -12.562 -12.958 -13.734 -14.472 -14.932 
7.87879 -7.684 -8.677 -9.443 -11.087 -12.466 -12.970 -13.753 -14.351 -14.798 
8.08081 -7.553 -8.550 -9.327 -11.033 -12.306 -12.892 -13.540 -14.334 -14.800 
8.28283 -7.423 -8.446 -9.283 -11.052 -12.232 -12.889 -13.654 -14.311 -14.686 
8.48485 -7.272 -8.306 -9.212 -10.850 -12.167 -12.784 -13.568 -14.221 -14.668 
8.68687 -7.155 -8.268 -9.080 -10.865 -12.039 -12.699 -13.457 -14.044 -14.581 
8.88889 -7.008 -8.086 -8.997 -10.780 -12.110 -12.614 -13.428 -14.138 -14.597 
9.09091 -6.869 -7.956 -8.917 -10.769 -11.955 -12.610 -13.239 -13.966 -14.557 
9.29293 -6.751 -7.837 -8.899 -10.676 -11.977 -12.474 -13.170 -14.021 -14.470 
9.49495 -6.594 -7.740 -8.704 -10.547 -11.799 -12.543 -13.154 -13.862 -14.397 
9.69697 -6.433 -7.616 -9.134 -10.431 -11.809 -12.496 -13.024 -13.923 -14.228 
9.89899 -6.292 -7.499 -8.636 -10.570 -11.854 -12.324 -12.972 -13.676 -14.275 
10.10101 -6.115 -7.382 -8.618 -10.482 -11.820 -12.270 -12.935 -13.741 -14.322 
10.30303 -5.956 -7.268 -8.538 -10.330 -11.699 -12.249 -12.954 -13.535 -14.176 
10.50505 -5.817 -7.151 -8.474 -10.403 -11.567 -12.107 -12.846 -13.494 -14.107 
10.70707 -5.657 -7.024 -8.453 -10.337 -11.585 -12.215 -12.871 -13.463 -13.995 
10.90909 -5.507 -6.928 -8.268 -10.238 -11.567 -12.064 -12.685 -13.425 -13.996 
11.11111 -5.376 -6.845 -8.352 -10.150 -11.439 -12.039 -12.675 -13.323 -13.942 
11.31313 -5.262 -6.717 -8.227 -10.128 -11.345 -11.932 -12.587 -13.409 -13.890 
11.51515 -5.145 -6.663 -8.227 -10.103 -11.490 -12.043 -12.636 -13.185 -13.781 
11.71717 -4.969 -6.473 -8.026 -9.998 -11.243 -11.875 -12.459 -13.230 -13.813 
11.91919 -4.863 -6.383 -8.048 -9.867 -11.237 -11.885 -12.461 -13.073 -13.576 
12.12121 -4.733 -6.230 -8.067 -9.928 -11.222 -11.754 -12.483 -13.034 -13.595 
12.32323 -4.592 -6.177 -7.911 -9.833 -11.040 -11.741 -12.344 -13.085 -13.592 
12.52525 -4.452 -6.061 -7.764 -9.905 -11.153 -11.666 -12.271 -12.950 -13.551 
12.72727 -4.327 -5.921 -7.664 -9.614 -10.956 -11.632 -12.277 -12.876 -13.451 
12.92929 -4.206 -5.824 -7.621 -9.588 -10.848 -11.590 -12.127 -12.905 -13.351 
13.13131 -4.111 -5.768 -7.624 -9.535 -10.834 -11.530 -12.066 -12.711 -13.291 
13.33333 -3.976 -5.676 -7.550 -9.538 -10.825 -11.516 -12.095 -12.661 -13.348 
13.53535 -3.867 -5.544 -7.474 -9.504 -10.807 -11.374 -12.019 -12.680 -13.212 
13.73737 -3.765 -5.436 -7.457 -9.460 -10.715 -11.421 -12.007 -12.551 -13.158 
13.93939 -3.660 -5.447 -7.314 -9.347 -10.702 -11.345 -11.996 -12.595 -13.219 
14.14141 -3.553 -5.262 -7.261 -9.287 -10.701 -11.330 -11.934 -12.508 -13.078 
14.34343 -3.443 -5.345 -7.254 -9.351 -10.606 -11.268 -11.937 -12.457 -13.006 
14.54545 -3.344 -5.158 -7.072 -9.133 -10.614 -11.288 -11.838 -12.433 -13.040 
14.74747 -3.272 -5.161 -7.139 -9.209 -10.546 -11.179 -11.837 -12.377 -12.970 
14.94949 -3.132 -4.920 -7.017 -9.053 -10.472 -11.074 -11.827 -12.320 -12.868 
15.15152 -3.041 -4.829 -7.119 -9.093 -10.451 -11.070 -11.699 -12.359 -12.906 
15.35354 -2.886 -4.858 -6.801 -9.068 -10.414 -11.043 -11.682 -12.319 -12.813 
15.55556 -2.806 -4.735 -6.916 -8.929 -10.280 -11.030 -11.666 -12.276 -12.838 
15.75758 -2.692 -4.696 -6.763 -8.875 -10.382 -11.050 -11.657 -12.213 -12.732 
15.95960 -2.513 -4.465 -6.681 -8.849 -10.240 -10.976 -11.580 -12.125 -12.693 
16.16162 -2.401 -4.427 -6.666 -8.847 -10.248 -10.944 -11.544 -12.190 -12.617 
16.36364 -2.266 -4.431 -6.614 -8.856 -10.179 -10.872 -11.576 -12.111 -12.658 
16.56566 -2.122 -4.530 -6.574 -8.785 -10.125 -10.815 -11.526 -12.103 -12.535 
16.76768 -2.003 -4.250 -6.419 -8.668 -10.111 -10.737 -11.431 -12.026 -12.626 
16.96970 -1.870 -4.228 -6.447 -8.556 -10.076 -10.739 -11.443 -12.079 -12.544 
17.17172 -1.757 -4.133 -6.262 -8.542 -10.010 -10.697 -11.468 -12.111 -12.557 
17.37374 -1.599 -4.471 -6.312 -8.535 -9.940 -10.710 -11.415 -12.032 -12.502 
17.57576 -1.490 -3.905 -6.095 -8.547 -9.897 -10.651 -11.411 -12.005 -12.434 
17.77778 -1.380 -3.901 -6.156 -8.317 -9.848 -10.573 -11.347 -11.904 -12.385 
17.97980 -1.273 -3.866 -6.222 -8.413 -9.800 -10.583 -11.314 -11.877 -12.360 
18.18182 -1.111 -3.675 -6.096 -8.430 -9.804 -10.570 -11.318 -11.893 -12.376 
18.38384 -1.094 -3.655 -5.997 -8.213 -9.732 -10.547 -11.304 -11.924 -12.509 
18.58586 -0.968 -3.482 -5.788 -8.334 -9.736 -10.510 -11.237 -11.860 -12.363 
18.78788 -0.895 -3.539 -5.844 -8.261 -9.580 -10.481 -11.275 -11.819 -12.227 
18.98990 -0.851 -3.400 -5.905 -8.070 -9.603 -10.558 -11.219 -11.742 -12.248 
19.19192 -0.722 -3.389 -5.560 -8.083 -9.610 -10.360 -11.176 -11.794 -12.267 
19.39394 -0.650 -3.462 -5.796 -8.049 -9.561 -10.356 -11.159 -11.688 -12.171 
19.59596 -0.657 -3.240 -5.710 -7.986 -9.527 -10.302 -11.073 -11.729 -12.152 
19.79798 -0.510 -3.210 -5.596 -7.812 -9.481 -10.291 -11.011 -11.632 -12.068 
20.00000 -0.500 -3.063 -5.447 -7.602 -9.291 -10.181 -10.967 -11.575 -12.051 
